-- Карта: SOIL
-- Вр. шаг: 0

SOIL
 3808*0  0.155  0.373  0.386  0.320  0.154  0.043   23*0  0.142  0.565  0.615  0.632  0.641  0.641  0.631  0.611  0.555  0.153
   99*0  0.512  0.619  0.637  0.642  0.636  0.626  0.616  0.608  0.603  0.591  0.566  0.448  0.391  0.447  0.567  0.594  0.597
  0.567  0.320  0.091    2*0  0.097  0.329  0.598  0.636  0.664  0.686  0.707  0.722  0.728  0.733  0.735  0.736  0.736  0.735
  0.734  0.732  0.729  0.725  0.720  0.702  0.667  0.618  0.207   93*0  0.598  0.651  0.680  0.694  0.699  0.697  0.693  0.691
  0.693  0.697  0.699  0.697  0.692  0.691  0.695  0.701  0.705  0.702  0.693  0.684  0.680  0.684  0.693  0.708  0.721  0.727
  0.732  0.735  0.738  0.742  0.747  0.753  0.758  0.760  0.761  0.760  0.760  0.760  0.758  0.756  0.752  0.747  0.742  0.737
  0.730  0.723  0.698  0.634  0.096   89*0  0.600  0.666  0.703  0.719  0.723  0.724  0.724  0.724  0.725  0.727  0.729  0.730
  0.730  0.729  0.729  0.729  0.729  0.729  0.727  0.726  0.726  0.727  0.729  0.732  0.735  0.740  0.745  0.750  0.752  0.754
  0.758  0.763  0.769  0.774  0.776  0.777  0.778  0.779  0.781  0.780  0.779  0.775  0.771  0.766  0.760  0.754      0  0.740
  0.731  0.720  0.655  0.099   86*0  0.575  0.668  0.713  0.724  0.729  0.731  0.732  0.733  0.734  0.737  0.740  0.742  0.744
  0.744  0.743  0.743  0.742  0.742  0.740  0.738  0.737  0.738  0.741  0.743  0.746  0.749  0.754  0.758  0.761  0.762  0.764
  0.767  0.771  0.776  0.780  0.782  0.784  0.787  0.791  0.795  0.797  0.797  0.795  0.791  0.786  0.780  0.775  0.769  0.762
  0.753  0.743  0.732  0.715  0.619   84*0  0.390  0.660  0.715  0.727  0.732  0.736  0.738  0.740  0.742  0.745  0.748  0.752
  0.755  0.757  0.757      0  0.756  0.756  0.754  0.753  0.751  0.750  0.752  0.754  0.756  0.759  0.761  0.765  0.767  0.769
  0.769  0.770  0.772  0.775  0.777  0.779  0.780  0.783  0.788  0.794  0.801  0.807  0.810  0.810  0.807      0  0.798  0.792
  0.787  0.781  0.773  0.764  0.753  0.740  0.725  0.653   82*0  0.261  0.652  0.713  0.728  0.735  0.740      0  0.746  0.748
  0.751  0.755  0.760  0.764  0.768  0.770  0.770      0  0.770  0.769  0.768  0.767  0.766  0.766  0.767  0.768  0.769  0.771
  0.772  0.774  0.775      0  0.774  0.774  0.774  0.776  0.776  0.776  0.776  0.779  0.784  0.792  0.801  0.809  0.816  0.820
  0.819  0.816  0.812  0.807  0.802  0.797  0.790  0.782  0.771  0.759  0.744  0.727  0.660   80*0  0.262  0.657  0.717  0.729
  0.738  0.744  0.749  0.753  0.755  0.758  0.761  0.766  0.771  0.776  0.780  0.782  0.783  0.783  0.783  0.783  0.783  0.782
  0.782  0.782  0.782  0.782  0.782  0.782  0.782  0.782      0  0.780  0.778  0.777  0.776  0.775  0.774  0.773  0.773  0.775
  0.779  0.785  0.795  0.805  0.815  0.822  0.826  0.826  0.823  0.819  0.814  0.810  0.804  0.797  0.787  0.775  0.761  0.744
  0.727  0.654   78*0  0.601  0.694  0.725  0.735  0.743  0.750  0.756  0.761  0.764  0.766  0.769  0.773  0.778  0.784  0.789
  0.793  0.798  0.802  0.807  0.811  0.814  0.818  0.821  0.825  0.830  0.836  0.842  0.849  0.855  0.862      0  0.873  0.877
  0.880  0.883  0.884  0.885  0.885  0.772  0.771  0.772  0.774  0.778  0.786  0.796  0.808  0.818  0.826  0.830  0.830  0.828
  0.824  0.820  0.816  0.810  0.801  0.789  0.775  0.760  0.743  0.725  0.636   75*0  0.583  0.690  0.726  0.736  0.745  0.753
  0.759  0.765  0.770  0.774  0.777  0.780  0.783  0.786  0.791  0.796  0.801  0.806  0.811  0.814  0.817  0.820  0.821  0.822
  0.824  0.826  0.830  0.836  0.844  0.852  0.860      0  0.874  0.880  0.884  0.887  0.888  0.887  0.886  0.885  0.884  0.771
  0.770  0.770  0.772  0.777  0.785  0.796  0.808  0.819  0.827  0.832  0.832  0.831  0.828  0.825  0.820  0.812  0.801  0.788
  0.773  0.757  0.740  0.721  0.598   72*0  0.628  0.705  0.728  0.738  0.748  0.756  0.763  0.769  0.774  0.779  0.783  0.787
  0.790  0.792  0.795  0.798  0.802  0.807  0.813  0.818  0.822  0.825  0.827  0.829  0.829  0.830  0.831  0.832  0.836  0.842
  0.849  0.857  0.865  0.872  0.880  0.885  0.889  0.892  0.891  0.889  0.886  0.884  0.882  0.882  0.769  0.769  0.769  0.771
  0.776  0.784  0.794  0.807  0.818  0.827  0.832  0.834  0.833  0.831  0.827  0.820  0.810  0.799  0.785  0.770  0.753      0
  0.697  0.097   68*0  0.453  0.674  0.722  0.732  0.741  0.750  0.759  0.766  0.773  0.777  0.781  0.785  0.789  0.793  0.796
  0.799  0.802  0.804  0.807  0.812  0.817  0.822  0.827  0.832  0.835  0.837  0.838  0.838  0.839  0.840  0.842  0.845  0.850
  0.856  0.863  0.870  0.877  0.884  0.889  0.893  0.895  0.894  0.891  0.887  0.883  0.880  0.880  0.881  0.768  0.767  0.767
  0.769  0.773  0.781  0.792  0.805  0.818  0.826  0.831  0.832  0.831  0.829  0.825  0.817  0.807  0.794  0.780  0.764      0
  0.726  0.640   66*0  0.099  0.672  0.725  0.737  0.747  0.755  0.763  0.770  0.777  0.782  0.786  0.789  0.791  0.794  0.797
  0.800  0.803  0.806  0.808  0.811  0.814  0.819  0.825  0.830  0.836  0.840  0.843  0.845  0.846  0.846  0.847  0.848  0.850
  0.854  0.858  0.863  0.869  0.876  0.882  0.887  0.892  0.895  0.897  0.896  0.893  0.888  0.882  0.878  0.876  0.877  0.879
  0.767  0.766  0.765  0.767  0.771  0.779  0.792  0.805  0.816  0.823  0.826  0.826  0.826  0.825  0.821  0.813  0.801  0.788
      0  0.754  0.735  0.700  0.150   64*0  0.044  0.677  0.729  0.743  0.756  0.766  0.774  0.781  0.787  0.792  0.797  0.799
  0.800  0.800  0.801  0.802  0.804  0.807  0.809  0.812  0.815  0.819  0.824  0.830  0.837  0.842  0.846  0.849  0.850  0.851
  0.851  0.852  0.853  0.855  0.859  0.863  0.868  0.873  0.879  0.884  0.890  0.894  0.897  0.899  0.897  0.894  0.889  0.883
  0.877  0.872  0.871    3*0  0.765  0.764  0.765  0.771  0.781  0.794  0.805  0.813  0.816  0.817  0.819  0.820  0.820  0.815
  0.805  0.792  0.777  0.760  0.742  0.722  0.600   64*0  0.627  0.721  0.738  0.753  0.767  0.778  0.787  0.795  0.801  0.806
  0.810  0.811  0.811  0.809  0.808  0.808  0.808  0.809  0.811  0.813  0.817  0.822  0.828  0.834  0.840  0.845  0.848  0.850
  0.852  0.852  0.852  0.853  0.855  0.857  0.861  0.865  0.869  0.874  0.880  0.885  0.890  0.894  0.898  0.899  0.897  0.894
  0.888  0.882  0.876  0.870  0.865  0.865  0.868  0.872  0.765  0.763  0.763  0.766  0.774  0.785  0.795  0.802  0.805  0.806
  0.809  0.813  0.815  0.813  0.806  0.794  0.780  0.763  0.745  0.726  0.628   60*0  0.048  0.208  0.446  0.625  0.691  0.727
  0.741  0.756  0.770  0.783  0.794  0.803  0.810  0.816  0.819  0.820  0.819  0.817  0.814  0.812  0.811  0.811  0.812  0.814
  0.817  0.823  0.829  0.834  0.839  0.843  0.846  0.847  0.848  0.848  0.848  0.849  0.851  0.854  0.858  0.863  0.867  0.872
  0.877  0.882  0.887  0.892  0.895  0.896  0.894  0.890  0.885  0.879  0.873      0  0.861  0.858  0.859  0.864  0.870  0.764
  0.763  0.765  0.770  0.779  0.788  0.794  0.796  0.797  0.800  0.805  0.809  0.810  0.804  0.793  0.779  0.763  0.745  0.726
  0.634   57*0  0.154  0.620  0.664  0.685  0.694  0.701      0  0.723  0.731  0.742  0.756  0.769  0.782  0.794  0.804  0.812
  0.818  0.822  0.823  0.822  0.820  0.816  0.814      0  0.812  0.812  0.814  0.817  0.822  0.827  0.831  0.835  0.837  0.839
  0.839  0.838  0.838  0.838  0.840  0.843  0.847  0.851  0.856  0.861  0.865  0.871  0.876  0.881  0.885  0.888  0.889  0.887
  0.883  0.879  0.873  0.868  0.863  0.858  0.854  0.855  0.860  0.867  0.764  0.764  0.765  0.768  0.775  0.782  0.787  0.789
  0.790  0.793  0.798  0.803  0.805  0.800  0.790  0.776  0.760  0.743  0.724  0.621   57*0  0.593  0.695  0.724  0.729  0.730
  0.730  0.730  0.732  0.737  0.745  0.756  0.768  0.780  0.791  0.801  0.808  0.814  0.817  0.819  0.819  0.817  0.814  0.812
  0.811  0.811  0.812  0.813  0.815  0.818  0.822  0.825  0.827  0.828  0.828  0.826  0.825  0.823  0.824  0.826  0.830  0.834
  0.840  0.845  0.851  0.856  0.862  0.867  0.872  0.876  0.879  0.879  0.877  0.874  0.870  0.867  0.863  0.860  0.856  0.854
  0.854  0.858  0.865  0.869  0.764  0.765  0.767  0.771  0.776  0.780  0.782  0.784  0.787  0.792  0.796  0.797  0.793  0.783
  0.770  0.755  0.738  0.719  0.577   57*0  0.589  0.715  0.732  0.739  0.741  0.740  0.740  0.742  0.745  0.752  0.760  0.769
  0.778  0.787  0.795  0.802  0.806  0.809  0.811  0.811  0.809  0.808  0.807  0.807  0.808  0.809  0.810  0.811  0.813  0.814
  0.816  0.817  0.816  0.815  0.812  0.809  0.807  0.807  0.809  0.814  0.819  0.826  0.832  0.839  0.846  0.852  0.857  0.862
  0.866  0.868  0.868  0.866  0.864  0.862  0.860  0.859  0.857  0.855  0.855  0.856  0.859  0.863  0.866  0.867  0.764  0.765
  0.767  0.770  0.772  0.774  0.776  0.779  0.782    3*0  0.771  0.759  0.745  0.730  0.688  0.149   57*0  0.266  0.708  0.733
  0.743  0.747      0  0.751  0.754  0.758  0.764  0.769  0.775  0.781  0.787  0.792  0.796  0.798  0.800  0.801  0.800  0.800
  0.799  0.799  0.799  0.801  0.803  0.804  0.805  0.805  0.805  0.806  0.805  0.804  0.801  0.798  0.795  0.792  0.792  0.794
  0.798  0.804  0.811  0.819  0.827  0.834  0.841  0.846  0.851  0.854  0.856  0.857  0.856  0.855  0.855  0.855  0.855  0.855
  0.855  0.856  0.858  0.860  0.862  0.864  0.865  0.764  0.764  0.764  0.763  0.763  0.764  0.765  0.767  0.769  0.768  0.765
  0.760  0.752  0.743  0.731  0.716  0.633   59*0  0.671  0.728  0.741    2*0  0.765  0.770  0.775  0.780  0.784  0.787  0.789
  0.790  0.791  0.792  0.792  0.791  0.790  0.790  0.789  0.789  0.789  0.790  0.792  0.793  0.795  0.795  0.796  0.795  0.795
  0.793  0.791    2*0  0.781  0.779  0.778  0.779  0.783  0.789  0.796  0.804  0.813  0.821  0.829  0.835  0.839  0.843  0.845
  0.846  0.847  0.848  0.849  0.850  0.852  0.854  0.856  0.858  0.859  0.861  0.862  0.863  0.864  0.864  0.762  0.759  0.757
  0.754  0.753  0.753  0.753  0.752  0.748  0.742  0.735  0.729  0.722  0.693  0.634  0.256 3867*0  0.270  0.499  0.573  0.576
  0.498  0.262  102*0  0.272  0.499  0.514  0.453  0.375  0.261  0.197  0.147  0.093    5*0  0.096  0.099    7*0  0.100  0.505
  0.613  0.640  0.670  0.702  0.722  0.726  0.729  0.730      0  0.729  0.728  0.726  0.723  0.716  0.696      0  0.622  0.368
   94*0  0.099  0.586  0.631  0.649  0.655  0.653  0.647  0.645  0.648  0.653  0.655  0.652  0.647  0.645  0.650  0.659  0.664
  0.660  0.649  0.637  0.633  0.637  0.649      0  0.697  0.719  0.725  0.729  0.732  0.735  0.741  0.747  0.752  0.754    2*0
  0.754  0.754  0.752  0.750  0.746  0.741  0.736  0.731  0.724  0.710  0.661  0.563   90*0  0.100  0.613  0.661  0.689  0.703
  0.708  0.709  0.709  0.713  0.719  0.722  0.723  0.723  0.722  0.722  0.722  0.723  0.722  0.719  0.716  0.716  0.720  0.723
  0.725  0.729  0.733  0.739  0.743  0.746  0.748  0.751  0.757  0.763  0.768    3*0  0.773  0.775  0.774  0.773  0.769      0
  0.760  0.754  0.748  0.742  0.734  0.725  0.695  0.610   88*0  0.616  0.676  0.710  0.722  0.724  0.725  0.726  0.728  0.730
  0.733  0.736  0.737  0.737  0.737  0.736  0.736  0.735  0.733  0.732  0.731  0.732  0.734  0.737  0.739  0.743  0.747  0.752
  0.755  0.756  0.758  0.761  0.765  0.770  0.774    2*0  0.781  0.785  0.789  0.791  0.791  0.789  0.785  0.780  0.774  0.769
  0.763  0.756  0.748  0.738  0.726  0.687  0.385   85*0  0.605  0.679  0.718  0.726  0.729  0.732  0.733  0.735  0.738  0.742
  0.746  0.749  0.750  0.751  0.750  0.750  0.749  0.748  0.746  0.744  0.744  0.745  0.748  0.750  0.752  0.755  0.758  0.761
  0.762  0.763  0.763  0.765  0.768  0.771    2*0  0.777  0.782  0.788  0.795  0.801  0.804  0.804  0.801  0.797  0.792  0.786
  0.781  0.775  0.768  0.758  0.747  0.734  0.717   84*0  0.588  0.677  0.720  0.728  0.734  0.737  0.739  0.742  0.744  0.748
  0.753  0.758  0.761  0.763  0.764  0.764  0.763  0.763  0.762  0.760  0.759  0.759  0.760  0.762  0.763  0.764  0.766  0.767
  0.768  0.768  0.768  0.767  0.768  0.769    2*0  0.770  0.773  0.778  0.786  0.795  0.803  0.810  0.814  0.813  0.810  0.806
  0.801  0.796  0.791  0.784  0.776  0.766  0.753  0.738  0.722   82*0  0.598  0.684  0.723  0.731  0.738  0.743  0.746  0.748
  0.751  0.755  0.759  0.765  0.770  0.774  0.776  0.776      0  0.776  0.776  0.776  0.776  0.776  0.776  0.776  0.776  0.776
  0.776  0.776  0.776  0.775  0.773  0.772  0.771  0.770  0.769      0  0.767  0.767  0.769  0.773  0.779  0.789  0.799  0.809
  0.816  0.820  0.820  0.817  0.813  0.809  0.804  0.799  0.791  0.782  0.770  0.755  0.739  0.722  0.610   78*0  0.101  0.647
  0.713  0.728  0.736  0.744  0.750  0.754  0.757  0.760  0.763  0.767  0.772  0.777  0.782  0.787  0.791  0.796  0.800  0.804
  0.808  0.811  0.814  0.818  0.823  0.829  0.836  0.842  0.849  0.855  0.861  0.866  0.871  0.874  0.876  0.878  0.878  0.879
  0.766  0.765  0.766  0.768  0.772  0.780  0.790  0.802  0.812  0.820  0.824  0.824  0.822  0.818  0.815  0.810  0.804  0.795
      0  0.770  0.754  0.737  0.718  0.578   75*0  0.045  0.641  0.714  0.729  0.738  0.746  0.752  0.758  0.763  0.767  0.770
  0.773  0.776  0.780  0.784  0.789  0.795  0.799  0.804  0.808  0.811  0.813  0.814  0.816  0.817  0.820  0.824  0.830  0.837
  0.845  0.853  0.861  0.868  0.874  0.878  0.881  0.881  0.881  0.879  0.878  0.878  0.764  0.764  0.764  0.766      0  0.779
  0.790  0.802  0.813  0.821  0.826    2*0  0.823  0.819  0.814  0.806  0.795  0.782  0.768  0.752  0.734   74*0  0.374  0.662
  0.720  0.731  0.741  0.749  0.756  0.762  0.767  0.772  0.776  0.780  0.783  0.785  0.788  0.791  0.795  0.800  0.806  0.811
  0.815  0.818  0.821  0.822  0.823  0.823  0.824  0.826  0.829  0.835  0.842  0.850  0.858  0.866  0.873  0.879  0.883  0.885
  0.885  0.883  0.880  0.877  0.876  0.876  0.763  0.762  0.763  0.765  0.770  0.778  0.788  0.801  0.812  0.821      0  0.828
  0.827  0.825  0.821  0.814  0.805  0.793  0.779  0.764   73*0  0.621  0.697  0.725  0.735  0.744  0.752  0.759  0.766  0.771
  0.775  0.778  0.782  0.786  0.789  0.792  0.795  0.797  0.800  0.805  0.810  0.815  0.821  0.825  0.828  0.830  0.831  0.832
  0.832  0.833  0.835  0.839  0.844  0.850  0.857  0.864  0.871  0.877  0.882  0.886  0.888  0.888  0.885  0.881  0.876  0.874
  0.873  0.874    2*0  0.761  0.763  0.767  0.775  0.786  0.799  0.812  0.821  0.825  0.826  0.825  0.823  0.819  0.812  0.802
  0.789   72*0  0.618  0.711  0.730  0.740  0.748  0.756  0.763  0.770  0.775  0.779  0.782  0.785  0.787  0.790  0.793  0.796
  0.799  0.801  0.804  0.807  0.812  0.818  0.824  0.829  0.833  0.836  0.838  0.839  0.839  0.840  0.841  0.844  0.847  0.851
  0.857  0.863  0.869  0.875      0  0.886  0.889  0.890  0.890  0.886  0.882  0.876  0.872  0.870  0.870      0  0.761  0.760
  0.759  0.761  0.765  0.773  0.786  0.799  0.811  0.817  0.820  0.821  0.820  0.819  0.815   73*0  0.623  0.721  0.736  0.749
  0.759  0.767  0.774  0.780  0.785  0.790  0.792  0.793  0.794  0.794  0.795  0.798  0.800  0.802  0.805  0.808      0  0.817
  0.824  0.830  0.835  0.839  0.842  0.843  0.844  0.844  0.845  0.846  0.849  0.852  0.856  0.861  0.867  0.872  0.878  0.883
  0.888  0.891  0.892  0.891  0.888  0.883  0.877  0.870  0.866  0.865  0.867  0.869  0.760  0.759  0.758  0.759  0.765  0.775
  0.788  0.799  0.807  0.810  0.811  0.813  0.815  0.814    6*0  0.706  0.202   64*0  0.329  0.692  0.731  0.746  0.760  0.771
  0.780  0.788  0.794  0.799  0.803  0.804  0.804  0.802  0.801  0.801  0.801  0.802  0.804  0.806  0.810  0.815  0.821  0.827
  0.833  0.838  0.841  0.844  0.845  0.845  0.845  0.846  0.848  0.850  0.854  0.858    2*0  0.873  0.878  0.883  0.888  0.891
  0.892  0.891  0.887  0.882  0.876  0.869  0.863  0.859  0.859  0.861  0.866  0.759  0.757  0.757  0.760  0.768  0.779  0.789
  0.796  0.799  0.801  0.803  0.807  0.810  0.808    2*0  0.774  0.758  0.740  0.719  0.557   63*0  0.321  0.641  0.717  0.734
  0.749  0.763  0.776  0.787  0.796  0.803  0.809  0.812  0.813  0.812  0.810  0.807  0.805  0.804  0.804  0.805  0.807  0.810
  0.816  0.822  0.827  0.832  0.836  0.839  0.840  0.841  0.841  0.841  0.842  0.845      0  0.852    3*0  0.870  0.875  0.880
      0  0.888  0.889  0.888  0.884  0.879  0.873      0  0.861  0.855  0.852  0.853  0.858  0.864  0.758  0.757  0.759  0.765
  0.773  0.782  0.788  0.790  0.792  0.794  0.799  0.804  0.804  0.799  0.788  0.774  0.758  0.740  0.721  0.577   58*0  0.265
  0.605  0.633  0.646  0.655  0.671  0.701  0.724  0.735  0.748  0.762  0.775  0.787  0.797  0.805  0.811  0.814  0.816  0.815
  0.813  0.809  0.807  0.805  0.805  0.805  0.807  0.810  0.815  0.820  0.824  0.828  0.830  0.832  0.832  0.832  0.831  0.831
  0.833  0.836    4*0  0.859  0.864  0.869  0.874  0.879  0.882  0.882  0.881  0.877  0.872      0  0.862  0.857  0.852  0.848
  0.849  0.853  0.861  0.758  0.758  0.759  0.762  0.769  0.776  0.781  0.783  0.785  0.788  0.793  0.798  0.799  0.795  0.785
  0.771  0.755  0.738  0.716  0.441   57*0  0.049  0.646  0.705  0.721  0.723  0.722  0.723  0.725  0.730  0.738  0.749  0.761
  0.773  0.784  0.794  0.801  0.807  0.810  0.812  0.812  0.810  0.807  0.805  0.804  0.804  0.805  0.807  0.809  0.811  0.815
  0.818  0.820  0.821  0.821  0.820  0.818  0.817  0.817  0.819  0.823  0.828    3*0  0.850  0.855  0.861  0.866  0.870  0.872
  0.873  0.871  0.868  0.864  0.860  0.857  0.853  0.850  0.847  0.848  0.852  0.858  0.863  0.758  0.759  0.761      0  0.770
  0.774  0.776  0.778  0.781  0.786  0.790  0.792  0.787  0.778  0.765  0.749  0.733  0.694  0.048   57*0  0.047  0.677  0.725
  0.732  0.734  0.733  0.733  0.735  0.738  0.745  0.753  0.762  0.771  0.780  0.788  0.795  0.799  0.802  0.804  0.804  0.802
  0.801      0  0.800  0.801  0.802  0.803  0.804  0.806  0.808  0.809  0.810  0.809  0.808  0.805  0.803  0.801  0.800  0.802
  0.807  0.812    2*0  0.832  0.839  0.845  0.851  0.855  0.859  0.861  0.861  0.860  0.858  0.856  0.854  0.852  0.850  0.849
  0.849  0.850  0.853  0.857  0.860  0.861  0.758  0.759  0.762  0.764  0.766  0.768    4*0  0.779  0.774  0.766  0.754  0.740
  0.725  0.652   59*0  0.664  0.726  0.736  0.740  0.742  0.744  0.747  0.751  0.757  0.762  0.768  0.774  0.780  0.785  0.788
  0.791  0.793  0.794  0.793  0.793      0  0.792  0.792  0.794  0.796  0.797  0.798  0.798  0.798  0.799  0.798  0.797  0.794
  0.791  0.788  0.786  0.785  0.787  0.791  0.797    2*0  0.820      0  0.834  0.840  0.844  0.848  0.850  0.850  0.850  0.849
  0.849  0.849  0.849  0.849  0.849  0.850  0.852  0.854  0.856  0.858  0.859  0.758  0.758  0.758  0.758  0.758    5*0  0.760
  0.755  0.747  0.737  0.726  0.690  0.572   59*0  0.614  0.719  0.733  0.743  0.751  0.758  0.763  0.768  0.773  0.777  0.779
  0.782  0.783  0.784  0.785  0.784  0.784  0.783  0.783  0.782  0.782  0.782  0.783  0.785  0.786  0.788  0.788  0.789  0.788
  0.788  0.786  0.784  0.780  0.777  0.774  0.772  0.771  0.773  0.776    4*0  0.815      0  0.828  0.833  0.836  0.838  0.839
  0.840  0.841  0.842  0.844  0.846  0.847  0.849  0.851  0.853  0.855  0.856  0.857  0.858  0.858  0.756  0.754  0.751    3*0
  0.748  0.747  0.743  0.736  0.730  0.723  0.704  0.656  0.574 3871*0  0.042  129*0  0.206  0.401  0.610  0.654  0.693  0.714
  0.721  0.722  0.722  0.722  0.720  0.714  0.701  0.678  0.647  0.603  0.272   96*0  0.047  0.336  0.520  0.582  0.574  0.513
  0.460  0.512  0.572  0.578  0.524  0.506  0.459  0.518  0.588  0.600  0.591  0.514  0.394  0.338  0.393  0.513  0.610  0.647
  0.684  0.710  0.721  0.724  0.728  0.734  0.740  0.745  0.747  0.747  0.747  0.747  0.747  0.745  0.742  0.739  0.734  0.729
  0.724  0.707  0.666  0.594   92*0  0.208  0.599  0.638  0.657  0.664  0.665  0.666  0.672  0.684  0.695  0.700  0.700  0.696
  0.694  0.696  0.697  0.694  0.685  0.677  0.677  0.686  0.698  0.710  0.720  0.726  0.731  0.736  0.739  0.741  0.744  0.750
  0.756  0.761  0.763  0.764  0.765  0.766  0.767  0.767  0.765  0.762  0.758  0.753  0.747  0.741  0.735  0.727  0.710  0.646
  0.161   88*0  0.214  0.622  0.668  0.694  0.707  0.712  0.714  0.719  0.723  0.726  0.729  0.730  0.730  0.729  0.729  0.728
  0.728  0.726  0.724  0.723  0.724  0.727  0.729  0.732  0.736  0.740  0.744  0.747  0.749  0.750  0.753  0.758  0.763  0.767
  0.769  0.770  0.774  0.778  0.781  0.784  0.784  0.782  0.778  0.773  0.767  0.762  0.756  0.749  0.741  0.731  0.715  0.635
   86*0  0.147  0.626  0.683  0.713  0.722  0.725  0.726  0.728  0.731  0.735  0.739  0.742  0.743  0.744  0.743  0.743  0.742
  0.741  0.739  0.737  0.736  0.738  0.740  0.743  0.745  0.748  0.751  0.754  0.755  0.755  0.756  0.758  0.761  0.764  0.766
  0.767  0.770  0.775  0.781  0.788  0.794  0.797  0.797  0.794  0.790  0.785  0.779  0.774  0.768  0.760  0.751  0.740  0.727
  0.681  0.159   83*0  0.048  0.623  0.689  0.721  0.727  0.730  0.732  0.734  0.737  0.741  0.746  0.751  0.754  0.756  0.756
  0.756  0.756  0.755  0.754  0.753  0.752  0.752  0.753  0.754  0.756  0.757  0.759  0.760  0.761  0.761  0.760  0.760  0.761
  0.762  0.763  0.763  0.763  0.766  0.771  0.779  0.788  0.796  0.803  0.807  0.806  0.803  0.799  0.794  0.789  0.784  0.777
  0.769  0.759  0.746  0.731  0.695  0.262   81*0  0.098  0.633  0.699  0.724  0.731  0.736  0.739  0.741  0.744  0.747  0.752
  0.758  0.762  0.766  0.769  0.769  0.769  0.769  0.769  0.769  0.768  0.768  0.768  0.768  0.769  0.769  0.769  0.769  0.768
  0.767  0.766  0.765  0.764  0.763  0.762  0.761  0.760  0.760  0.761  0.765  0.772  0.782  0.792  0.802  0.809  0.813  0.813
  0.810  0.806  0.802  0.797  0.792  0.784  0.775  0.763  0.748  0.732  0.693  0.206   79*0  0.565  0.675  0.720  0.729  0.737
  0.743  0.747  0.750  0.752  0.755  0.759  0.764  0.770  0.775  0.779  0.784  0.789  0.793  0.797  0.800  0.804  0.807  0.811
  0.816  0.822  0.828  0.835  0.842  0.848  0.854  0.859  0.864  0.867  0.869  0.871  0.871  0.871  0.759  0.758  0.758  0.760
  0.765  0.773  0.783  0.795  0.805  0.813  0.817  0.817  0.815  0.811  0.808  0.803  0.797  0.788  0.777  0.763  0.747  0.730
  0.682  0.047   76*0  0.504  0.676  0.722  0.731  0.739  0.745  0.751  0.756  0.760  0.763  0.766  0.769  0.772  0.777  0.782
  0.787  0.792  0.797  0.800  0.804  0.806  0.807  0.808  0.810  0.812  0.817  0.822  0.830  0.838  0.846  0.854  0.861  0.866
  0.871  0.873  0.874  0.874  0.872  0.871  0.871  0.757  0.757  0.757  0.759  0.764  0.772  0.783  0.795  0.806  0.814  0.819
  0.820  0.818  0.816  0.812  0.807  0.799  0.788  0.776  0.761  0.745  0.728  0.656   74*0  0.606  0.689  0.724  0.734  0.742
  0.749  0.755  0.760  0.765  0.769  0.773  0.776  0.778  0.781  0.784  0.788  0.793  0.799  0.804  0.808  0.811  0.813  0.815
  0.815  0.816  0.817  0.819  0.822  0.828  0.835  0.843  0.851  0.859  0.866  0.872  0.876  0.878  0.878  0.876  0.873  0.870
  0.869  0.869  0.756  0.755  0.756  0.758  0.763  0.771  0.781  0.794  0.805  0.814  0.819  0.821  0.820  0.818  0.814  0.807
  0.798  0.786  0.772  0.757  0.740  0.722  0.604   70*0  0.273  0.651  0.712  0.728  0.737  0.745  0.753  0.759  0.764  0.768
  0.771  0.775  0.779  0.782  0.785  0.788  0.790  0.793  0.798  0.803  0.808  0.813  0.818  0.821  0.823  0.824  0.824  0.825
  0.826  0.828  0.832  0.836  0.843  0.850  0.857  0.864  0.870  0.875  0.879  0.881  0.880  0.878  0.874  0.869  0.867  0.866
  0.867  0.755  0.754  0.754  0.756  0.760  0.768  0.779  0.793  0.805  0.814  0.818  0.819  0.819  0.816  0.812  0.805  0.795
  0.782  0.767  0.751  0.733  0.691  0.096   67*0  0.268  0.673  0.723  0.733  0.741  0.749  0.756  0.763  0.768  0.773  0.775
  0.778  0.780  0.783  0.786  0.789  0.792  0.794  0.797  0.800  0.805  0.811  0.816  0.822  0.826  0.829  0.831  0.832  0.832
  0.833  0.834  0.836  0.840  0.844  0.850  0.856  0.862  0.868  0.874  0.878  0.882  0.883  0.882  0.879  0.875  0.869  0.865
  0.863  0.863  0.866  0.754  0.753  0.752  0.754  0.758  0.766  0.779  0.793  0.804  0.810  0.813  0.814  0.814  0.812  0.808
  0.800  0.789  0.775  0.759  0.742  0.723  0.611   66*0  0.325  0.696  0.730  0.742  0.752  0.760  0.767  0.774  0.779  0.783
  0.785  0.786  0.787  0.787  0.788  0.790  0.793  0.795  0.798  0.801  0.805  0.810  0.816  0.822  0.828  0.832  0.835  0.836
  0.837  0.837  0.838  0.839  0.842  0.845  0.849  0.854  0.859  0.865  0.871  0.876  0.881  0.884  0.885  0.884  0.880  0.876
  0.869  0.863  0.859  0.858  0.860  0.862  0.753  0.752  0.751  0.752  0.758  0.768  0.781  0.793  0.800  0.803  0.804  0.806
  0.808  0.807  0.802  0.793  0.780  0.765  0.748  0.730  0.663   66*0  0.646  0.724  0.740  0.753  0.764  0.773  0.781  0.787
  0.792  0.796  0.797  0.797  0.795  0.794  0.794  0.794  0.795  0.797  0.799  0.803  0.808  0.814  0.820  0.826  0.831  0.834
  0.836  0.838  0.838  0.838  0.839  0.841  0.843  0.847  0.851  0.856  0.860  0.866  0.871  0.876  0.881  0.884  0.885  0.884
  0.880  0.875  0.869  0.862  0.856  0.852  0.852  0.854  0.859  0.752  0.750  0.750  0.753  0.761  0.772  0.782  0.789  0.792
  0.794  0.796  0.800  0.803  0.801  0.794  0.782  0.767  0.751  0.733  0.686   65*0  0.513  0.683  0.728  0.742  0.756  0.769
  0.780  0.789  0.796  0.802  0.805  0.806  0.805  0.803  0.800  0.798  0.797  0.797  0.798  0.800  0.803  0.809  0.815  0.820
  0.825  0.829  0.832  0.833  0.834  0.834  0.834  0.835  0.837  0.840  0.844  0.849  0.853  0.858  0.863  0.868  0.873  0.878
  0.881  0.882  0.881  0.877  0.872  0.866  0.860  0.854  0.848  0.845  0.846  0.851  0.857  0.751  0.750  0.752  0.758  0.766
  0.775  0.781  0.783  0.785  0.788  0.792  0.797  0.797  0.792  0.781  0.767  0.751  0.733  0.691  0.047   59*0  0.150  0.444
  0.575  0.596  0.619  0.658  0.709  0.729  0.742  0.755  0.768  0.780  0.791  0.798  0.804  0.808  0.809  0.808  0.806  0.802
  0.800  0.798  0.798  0.798  0.800  0.803  0.807  0.812  0.817  0.821  0.823  0.825  0.825  0.824  0.824  0.824  0.826  0.829
  0.833  0.837  0.842  0.847  0.852  0.857  0.862  0.867  0.872  0.875  0.875  0.874  0.870  0.865  0.860  0.855  0.850  0.845
  0.841  0.842  0.846  0.854  0.751  0.751  0.752  0.756  0.762  0.769  0.774  0.776  0.778  0.781  0.786  0.791  0.793  0.788
  0.778  0.764  0.748  0.731  0.679   59*0  0.576  0.664  0.695  0.702  0.700  0.702  0.712  0.723  0.731  0.742  0.754  0.766
  0.777  0.787  0.795  0.800  0.804  0.805  0.805  0.803  0.800  0.798  0.797  0.797  0.798  0.799  0.801  0.804  0.808  0.811
  0.813  0.814  0.814  0.812  0.811  0.809  0.810  0.812  0.816  0.820  0.826  0.831  0.837  0.843  0.848  0.854  0.859  0.863
  0.865  0.866  0.864  0.861  0.857  0.853  0.850  0.846  0.843  0.840  0.841  0.845  0.851  0.856  0.751  0.752  0.754  0.758
  0.763  0.767  0.770  0.771  0.774  0.779  0.784  0.785  0.781  0.771  0.758  0.743  0.726  0.648   59*0  0.628  0.713  0.725
  0.727  0.726  0.726  0.728  0.732  0.738  0.746  0.755  0.764  0.773  0.781  0.788  0.792  0.795  0.797  0.797  0.795  0.794
  0.793  0.793  0.794  0.795  0.796  0.797  0.799  0.800  0.802  0.803  0.802  0.801  0.798  0.795  0.793  0.793  0.795  0.800
  0.805  0.812  0.819  0.825  0.832  0.838  0.844  0.848  0.852  0.854  0.854  0.853  0.851  0.849  0.847  0.845  0.843  0.842
  0.841  0.843  0.846  0.849  0.853  0.854  0.751  0.752  0.755  0.757  0.759  0.761  0.763  0.766  0.770  0.772  0.772  0.768
  0.759  0.747  0.733  0.711  0.581   59*0  0.612  0.716  0.729  0.733  0.735  0.738  0.740  0.744  0.750  0.756  0.761  0.767
  0.773  0.778  0.782  0.784  0.786  0.787  0.787  0.786  0.785  0.785  0.785  0.787  0.789  0.790  0.791  0.791  0.791  0.792
  0.791  0.790  0.787  0.784  0.781  0.778  0.778  0.780  0.784  0.790  0.797  0.805  0.813  0.820  0.827  0.833  0.837  0.841
  0.843  0.843  0.843  0.842  0.842  0.842  0.842  0.842  0.842  0.843  0.844  0.847  0.849  0.851  0.852  0.751  0.751  0.751
  0.751  0.751  0.751  0.753  0.755  0.756  0.756  0.753  0.748  0.740  0.730  0.715  0.642  0.044   59*0  0.211  0.689  0.727
  0.737  0.744  0.751  0.757  0.762  0.766  0.770  0.773  0.775  0.776  0.777  0.778  0.778  0.777  0.776  0.776  0.775  0.775
  0.775  0.776  0.778  0.779  0.781  0.781  0.781  0.781  0.781  0.779  0.776  0.773  0.770  0.767  0.765  0.764  0.765  0.769
  0.775  0.782  0.790  0.799  0.808  0.815  0.821  0.826  0.829  0.831  0.832  0.833  0.834  0.835  0.837  0.839  0.840  0.842
  0.844  0.846  0.848  0.849  0.850  0.851  0.851  0.749  0.747  0.744  0.742  0.740  0.740  0.741  0.740  0.736  0.730  0.723
  0.703  0.661  0.593  0.045 4003*0  0.100  0.460  0.633  0.668  0.684  0.688  0.689  0.687  0.681  0.667  0.644  0.610  0.394
  0.049  111*0  0.041  0.049  0.044    5*0  0.101  0.399  0.621  0.661  0.686  0.702  0.716  0.725  0.732  0.737  0.739  0.739
  0.739  0.739  0.738  0.737  0.734  0.730  0.726  0.719  0.696  0.654  0.581  0.045   93*0  0.094  0.391  0.578  0.595  0.596
  0.598  0.610  0.625  0.640  0.647  0.646  0.640  0.637  0.639  0.641  0.637  0.625  0.613  0.614  0.626  0.642  0.660  0.684
  0.710  0.723  0.728  0.730  0.733  0.736  0.742  0.748  0.752  0.755  0.755  0.756  0.758  0.759  0.759  0.757  0.754  0.749
  0.744  0.739  0.733  0.726  0.712  0.659  0.392   90*0  0.265  0.608  0.642  0.659  0.667  0.673  0.682  0.697  0.711  0.719
  0.722  0.722  0.720  0.719  0.718  0.716  0.710  0.701  0.696  0.702  0.713  0.720  0.724  0.728  0.732  0.736  0.739  0.741
  0.742  0.745  0.750  0.755  0.758  0.760  0.762  0.765  0.769  0.773  0.776  0.776  0.773  0.769  0.764  0.759  0.753  0.747
  0.741  0.732  0.722  0.668  0.278   87*0  0.275  0.628  0.671  0.695  0.707  0.713  0.718  0.723  0.727  0.731  0.734  0.735
  0.736  0.735  0.735  0.734  0.733  0.731  0.729  0.728  0.730  0.732  0.735  0.737  0.740  0.743  0.745  0.747  0.747  0.748
  0.750  0.753  0.756  0.758  0.759  0.762  0.766  0.773  0.780  0.785  0.789  0.789  0.786  0.781  0.776  0.771  0.765  0.759
  0.752  0.743  0.732  0.713  0.616   85*0  0.269  0.637  0.689  0.715  0.723  0.725  0.727  0.730  0.734  0.738  0.743  0.746
  0.748  0.748  0.748  0.748  0.747  0.746  0.745  0.744  0.744  0.745  0.746  0.748  0.749  0.751  0.752  0.753  0.753  0.752
  0.752  0.753  0.754  0.755  0.755  0.755  0.758  0.763  0.770  0.779  0.788  0.795  0.798  0.798  0.795  0.791  0.786  0.781
  0.775  0.769  0.761  0.750  0.738  0.723  0.636   83*0  0.384  0.650  0.704  0.723  0.728  0.731  0.734  0.736  0.740  0.745
  0.750  0.755  0.759  0.761  0.761  0.761  0.761  0.761  0.761  0.761  0.760  0.760  0.760  0.761  0.761  0.761  0.761  0.760
  0.759  0.758  0.757  0.756  0.755  0.754  0.753  0.752  0.752  0.753  0.757  0.764  0.773  0.784  0.794  0.801  0.805  0.805
  0.802  0.798  0.793  0.789  0.783  0.776  0.766  0.754  0.740  0.724  0.633   81*0  0.619  0.689  0.722  0.729  0.735  0.740
  0.743  0.745  0.748  0.752  0.757  0.762  0.767  0.772  0.776  0.781  0.785  0.789  0.793  0.796  0.799  0.803  0.808  0.814
  0.820  0.827  0.834  0.840  0.846  0.851  0.856  0.859  0.861  0.863  0.863  0.863  0.751  0.750  0.750  0.752  0.757  0.765
  0.775  0.786  0.797  0.805  0.809  0.809  0.806  0.803  0.799  0.795  0.789  0.780  0.768  0.754  0.739  0.722  0.617   78*0
  0.622  0.696  0.724  0.732  0.738  0.744  0.749  0.753  0.756  0.758  0.761  0.765  0.770  0.775  0.780  0.785  0.789  0.793
  0.796  0.798  0.799  0.801  0.802  0.805  0.809  0.815  0.822  0.830  0.838  0.846  0.853  0.859  0.863  0.865  0.866  0.866
  0.864  0.863  0.863  0.749  0.749  0.749  0.751  0.756  0.764  0.775  0.787  0.798  0.806  0.811  0.811  0.810  0.807  0.804
  0.799  0.791  0.780  0.767  0.752  0.736  0.714  0.510   74*0  0.150  0.641  0.709  0.727  0.735  0.742  0.748  0.753  0.757
  0.762  0.765  0.768  0.771  0.773  0.776  0.781  0.786  0.791  0.796  0.800  0.804  0.806  0.807  0.808  0.808  0.809  0.811
  0.814  0.820  0.827  0.835  0.843  0.851  0.858  0.864  0.868  0.870  0.870  0.868  0.865  0.862  0.861  0.861  0.748  0.747
  0.748  0.750  0.755  0.762  0.773  0.786  0.797  0.806  0.811  0.813  0.812  0.810  0.806  0.799  0.790  0.778  0.764  0.749
  0.732  0.689  0.092   71*0  0.587  0.674  0.720  0.730  0.738  0.746  0.752  0.757  0.761  0.764  0.768  0.772  0.775  0.778
  0.780  0.783  0.786  0.790  0.795  0.801  0.806  0.810  0.813  0.815  0.816  0.817  0.817  0.818  0.820  0.824  0.829  0.835
  0.842  0.849  0.856  0.862  0.867  0.871  0.873  0.873  0.870  0.866  0.861  0.859  0.858  0.859  0.747  0.746  0.746  0.748
  0.752  0.760  0.771  0.784  0.797  0.805  0.810  0.811  0.810  0.808  0.804  0.797  0.786  0.774  0.759  0.743  0.725  0.630
   69*0  0.622  0.703  0.726  0.735  0.743  0.750  0.756  0.761  0.766  0.768  0.770  0.773  0.775  0.779  0.782  0.784  0.787
  0.789  0.793  0.797  0.803  0.809  0.814  0.819  0.821  0.823  0.824  0.824  0.825  0.826  0.829  0.832  0.837  0.842  0.848
  0.854  0.860  0.866  0.871  0.874  0.875  0.875  0.871  0.867  0.861  0.857  0.855  0.855  0.858  0.746  0.745  0.744  0.746
  0.750  0.758  0.771  0.784  0.796  0.802  0.805  0.805  0.805  0.804  0.800  0.792  0.781  0.767  0.751  0.734  0.694  0.101
   67*0  0.652  0.723  0.735  0.745  0.754  0.761  0.767  0.772  0.776  0.778  0.779  0.780  0.780  0.781  0.783  0.786  0.788
  0.790  0.793  0.798  0.803  0.809  0.815  0.820  0.824  0.827  0.829  0.829  0.829  0.830  0.832  0.834  0.837  0.841  0.846
  0.852  0.857  0.863  0.868  0.873  0.876  0.877  0.876  0.873  0.868  0.862  0.855  0.851  0.850  0.852  0.854  0.745  0.744
  0.743  0.744  0.750  0.760  0.773  0.784  0.792  0.795  0.796  0.798  0.800  0.799  0.794  0.785  0.772  0.757  0.740  0.720
  0.577   66*0  0.578  0.710  0.733  0.746  0.757  0.767  0.774  0.781  0.786  0.789  0.790  0.790  0.788  0.787  0.787  0.787
  0.788  0.790  0.792  0.795  0.800  0.806  0.813  0.818  0.823  0.827  0.829  0.830  0.830  0.831  0.831  0.833  0.836  0.839
  0.843  0.848  0.853  0.858  0.863  0.868  0.873  0.876  0.877  0.876  0.872  0.867  0.861  0.854  0.849  0.844  0.844  0.846
  0.851  0.744  0.743  0.742  0.745  0.753  0.764  0.774  0.781  0.784  0.786  0.788  0.792  0.795  0.793  0.785  0.774  0.759
  0.743  0.725  0.625   66*0  0.636  0.720  0.736  0.750  0.762  0.773  0.782  0.790  0.795  0.798  0.799  0.798  0.796  0.793
  0.791  0.790  0.790  0.790  0.792  0.796  0.801  0.807  0.813  0.818  0.822  0.824  0.826  0.826  0.826  0.827  0.828  0.830
  0.833  0.837  0.841  0.846  0.850  0.855  0.861  0.866  0.870  0.873  0.874  0.873  0.869  0.864  0.858  0.852  0.846  0.840
  0.837  0.838  0.843  0.849  0.743  0.742  0.744  0.750  0.758  0.767  0.773  0.775  0.777  0.779  0.784  0.789  0.789  0.784
  0.773  0.759  0.743  0.725  0.632   62*0  0.043  0.099  0.322  0.605  0.671  0.722  0.735  0.749  0.762  0.774  0.784  0.792
  0.797  0.801  0.802  0.801  0.799  0.796  0.793  0.791  0.791  0.791  0.793  0.796  0.800  0.805  0.810  0.814  0.816  0.817
  0.818  0.817  0.816  0.817  0.818  0.821  0.825  0.829  0.834  0.839  0.844  0.849  0.854  0.860  0.864  0.867  0.868  0.866
  0.862  0.857  0.852  0.847  0.842  0.837  0.833  0.834  0.838  0.846  0.743  0.743  0.744  0.748  0.754  0.761  0.766  0.768
  0.770  0.773  0.778  0.783  0.784  0.780  0.770  0.756  0.740  0.723  0.616   59*0  0.045  0.616  0.653  0.662  0.660  0.662
  0.677  0.706  0.725  0.735  0.747  0.759  0.771  0.780  0.788  0.793  0.797  0.798  0.798  0.796  0.793  0.791  0.790  0.790
  0.791  0.792  0.794  0.797  0.800  0.804  0.806  0.807  0.806  0.805  0.803  0.802  0.802  0.804  0.808  0.813  0.818  0.824
  0.829  0.835  0.840  0.846  0.851  0.855  0.858  0.858  0.856  0.853  0.849  0.846  0.842  0.839  0.835  0.832  0.833  0.837
  0.843  0.848  0.743  0.744  0.746  0.750  0.755  0.759  0.762  0.763  0.766  0.771  0.775  0.777  0.773  0.763  0.750  0.735
  0.710  0.450   59*0  0.442  0.679  0.715  0.720  0.718  0.718  0.721  0.725  0.731  0.739  0.748  0.758  0.767  0.775  0.781
  0.786  0.789  0.790  0.790  0.789  0.787  0.786  0.786  0.787  0.788  0.789  0.790  0.791  0.793  0.795  0.796  0.795  0.794
  0.791  0.788  0.786  0.786  0.788  0.792  0.798  0.804  0.811  0.818  0.824  0.830  0.836  0.841  0.845  0.847  0.847  0.845
  0.843  0.841  0.839  0.837  0.836  0.834  0.834  0.835  0.838  0.842  0.845  0.846  0.743  0.745  0.747  0.749  0.752  0.753
  0.755  0.758  0.762  0.764  0.764  0.760  0.751  0.739  0.725  0.664   60*0  0.263  0.686  0.723  0.727  0.729  0.731  0.734
  0.738  0.743  0.749  0.755  0.761  0.766  0.771  0.775  0.778  0.779  0.780  0.780  0.779  0.778  0.778  0.778  0.780  0.782
  0.783  0.784  0.784  0.784  0.785  0.784  0.783  0.780  0.777  0.773  0.771  0.770  0.772  0.776  0.782  0.790  0.798  0.805
  0.812  0.819  0.825  0.830  0.833  0.835  0.836  0.835  0.834  0.834  0.834  0.834  0.834  0.834  0.835  0.837  0.839  0.841
  0.843  0.844  0.743  0.743  0.743  0.743  0.743  0.743  0.745  0.747  0.748  0.748  0.745  0.740  0.732  0.722  0.672  0.392
   61*0  0.646  0.720  0.731  0.738  0.745  0.750  0.755  0.760  0.763  0.766  0.768  0.770  0.771  0.771  0.771  0.770  0.770
  0.769  0.768  0.768  0.768  0.769  0.771  0.772  0.773  0.774  0.774  0.774  0.773  0.772  0.769  0.766  0.763  0.759  0.757
  0.757  0.758  0.762  0.767  0.774  0.783  0.792  0.800  0.808  0.814  0.818  0.821  0.823  0.825  0.825  0.826  0.828  0.829
  0.831  0.833  0.834  0.836  0.838  0.840  0.841  0.842  0.843  0.843  0.741  0.739  0.736  0.734  0.732  0.732  0.733  0.732
  0.728  0.721  0.696  0.651  0.581  0.046 4006*0  0.275  0.590  0.620  0.626  0.627  0.624  0.616  0.586  0.387  0.099  123*0
  0.206  0.569  0.624  0.647  0.673  0.706  0.723  0.728  0.730  0.730  0.730  0.730  0.730  0.728  0.726  0.721  0.706  0.678
  0.636  0.458   98*0  0.048  0.048  0.049  0.145  0.265  0.387  0.450  0.445  0.385  0.334  0.338  0.388  0.332  0.216  0.148
  0.149  0.219  0.389  0.571  0.623  0.661  0.696  0.716  0.722  0.724  0.728  0.733  0.740  0.744  0.746  0.747  0.748  0.750
  0.751  0.750  0.749  0.745  0.741  0.736  0.730  0.724  0.708  0.663  0.518   92*0  0.144  0.446  0.587  0.604  0.612  0.624
  0.643  0.665  0.682  0.690  0.690  0.685  0.681  0.679  0.674  0.662  0.648  0.640  0.649  0.667  0.684  0.701  0.715  0.724
  0.728  0.731  0.733  0.734  0.737  0.742  0.747  0.750  0.752  0.754  0.757  0.761  0.765  0.767  0.767  0.765  0.761  0.756
  0.751  0.745  0.739  0.732  0.724  0.687  0.590   89*0  0.323  0.612  0.643  0.660  0.670  0.681  0.698  0.714  0.723  0.726
  0.727  0.728  0.727  0.727  0.726  0.725  0.723  0.719  0.718  0.721  0.724  0.726  0.729  0.732  0.735  0.737  0.739  0.739
  0.740  0.742  0.745  0.748  0.749  0.751  0.753  0.758  0.765  0.772  0.777  0.780  0.780  0.778  0.773  0.768  0.763  0.757
  0.751  0.744  0.734  0.723  0.665  0.149   86*0  0.392  0.636  0.675  0.697  0.708  0.715  0.722  0.726  0.731  0.735  0.738
  0.740  0.741  0.740  0.740  0.739  0.738  0.737  0.736  0.736  0.737  0.738  0.740  0.741  0.743  0.744  0.745  0.745  0.744
  0.744  0.745  0.746  0.747  0.746  0.747  0.749  0.755  0.762  0.771  0.780  0.787  0.790  0.790  0.787  0.782  0.777  0.772
  0.767  0.761  0.752  0.742  0.729  0.692  0.279   84*0  0.567  0.657  0.701  0.719  0.724  0.726  0.729  0.732  0.737  0.742
  0.747  0.751  0.753  0.753  0.753  0.753  0.753  0.753  0.753  0.752  0.752  0.752  0.753  0.753  0.753  0.753  0.752  0.751
  0.750  0.749  0.748  0.747  0.746  0.745  0.744  0.744  0.745  0.749  0.756  0.765  0.776  0.786  0.793  0.797  0.796  0.793
  0.789  0.785  0.780  0.775  0.768  0.758  0.746  0.731  0.696  0.274   81*0  0.258  0.637  0.695  0.722  0.728  0.732  0.735
  0.738  0.740  0.744  0.749  0.755  0.760  0.764  0.768  0.773  0.777  0.781  0.785  0.788  0.791  0.795  0.800  0.806  0.813
  0.819  0.826  0.832  0.838  0.843  0.848  0.851  0.853  0.855  0.855  0.855  0.743  0.742  0.742  0.744  0.749  0.757  0.767
  0.778  0.789  0.796  0.800  0.801  0.798  0.795  0.791  0.787  0.780  0.771  0.760  0.746  0.730  0.687  0.154   78*0  0.271
  0.648  0.705  0.724  0.731  0.737  0.742  0.746  0.749  0.751  0.754  0.757  0.762  0.767  0.772  0.777  0.781  0.785  0.788
  0.790  0.792  0.793  0.794  0.797  0.801  0.807  0.814  0.822  0.830  0.838  0.845  0.851  0.855  0.857  0.858  0.858  0.856
  0.855  0.855  0.741  0.741  0.741  0.743  0.748  0.756  0.767  0.779  0.789  0.798  0.802  0.803  0.802  0.799  0.796  0.790
  0.782  0.772  0.759  0.744  0.728  0.668   76*0  0.502  0.667  0.718  0.728  0.735  0.741  0.746  0.750  0.754  0.758  0.761
  0.763  0.766  0.769  0.773  0.778  0.783  0.788  0.793  0.796  0.798  0.799  0.800  0.800  0.801  0.803  0.807  0.812  0.819
  0.827  0.835  0.843  0.850  0.856  0.860  0.862  0.862  0.860  0.857  0.854  0.853  0.853  0.740  0.739  0.740  0.742  0.747
  0.754  0.765  0.777  0.789  0.798  0.803  0.804  0.803  0.801  0.797  0.791  0.781  0.769  0.756  0.740  0.724  0.628   72*0
  0.048  0.622  0.690  0.723  0.731  0.739  0.745  0.749  0.753  0.757  0.761  0.764  0.768  0.771  0.773  0.775  0.778  0.783
  0.788  0.793  0.798  0.803  0.806  0.807  0.809  0.809  0.810  0.811  0.813  0.816  0.821  0.827  0.834  0.841  0.848  0.854
  0.860  0.863  0.865  0.865  0.862  0.858  0.853  0.851  0.850  0.851  0.739  0.738  0.738  0.740  0.744  0.752  0.763  0.776
  0.789  0.797  0.802  0.803  0.802  0.800  0.796  0.788  0.778  0.765  0.751  0.734  0.704  0.269   69*0  0.325  0.661  0.717
  0.728  0.736  0.743  0.749  0.754  0.759  0.761  0.763  0.766  0.768  0.771  0.774  0.777  0.779  0.782  0.785  0.790  0.796
  0.801  0.807  0.811  0.814  0.816  0.816  0.817  0.817  0.819  0.821  0.824  0.829  0.834  0.840  0.846  0.852  0.858  0.863
  0.866  0.868  0.867  0.864  0.859  0.853  0.849  0.847  0.847  0.850  0.738  0.737  0.736  0.738  0.742  0.750  0.763  0.776
  0.788  0.794  0.797  0.797  0.797  0.796  0.792  0.784  0.772  0.759  0.743  0.725  0.635   68*0  0.592  0.705  0.729  0.739
  0.747  0.754  0.760  0.765  0.769  0.771  0.772  0.773  0.773  0.774  0.776  0.778  0.781  0.783  0.786  0.790  0.796  0.802
  0.808  0.813  0.817  0.819  0.821  0.822  0.822  0.822  0.824  0.826  0.830  0.834  0.839  0.844  0.850  0.855  0.860  0.865
  0.868  0.869  0.868  0.865  0.860  0.854  0.848  0.843  0.842  0.844  0.846  0.737  0.736  0.735  0.736  0.742  0.752  0.765
  0.776  0.784  0.787  0.788  0.790  0.791  0.791  0.786  0.776  0.764  0.748  0.731  0.683   67*0  0.044  0.673  0.727  0.740
  0.751  0.760  0.768  0.774  0.779  0.782  0.783  0.783  0.781  0.780  0.780  0.780  0.781  0.782  0.785  0.788  0.793  0.799
  0.805  0.811  0.816  0.819  0.821  0.822  0.823  0.823  0.824  0.825  0.828  0.832  0.836  0.840  0.845  0.850  0.856  0.861
  0.865  0.868  0.869  0.868  0.865  0.859  0.853  0.847  0.841  0.837  0.836  0.839  0.843  0.736  0.735  0.734  0.737  0.745
  0.756  0.766  0.773  0.776  0.778  0.780  0.784  0.787  0.785  0.777  0.765  0.751  0.734  0.703  0.215   66*0  0.503  0.693
  0.729  0.743  0.756  0.767  0.776  0.783  0.788  0.791  0.793  0.791  0.789  0.786  0.784  0.783  0.783  0.783  0.785  0.789
  0.794  0.800  0.806  0.811  0.814  0.817  0.818  0.819  0.819  0.819  0.820  0.822  0.825  0.829  0.833  0.838  0.843  0.848
  0.853  0.858  0.862  0.866  0.867  0.865  0.862  0.856  0.850  0.844  0.838  0.832  0.829  0.830  0.835  0.841  0.735  0.734
  0.736  0.742  0.750  0.759  0.765  0.767  0.769  0.771  0.776  0.781  0.781  0.776  0.765  0.750  0.734  0.705  0.274   65*0
  0.154  0.621  0.700  0.729  0.742  0.755  0.767  0.777  0.785  0.791  0.794  0.795  0.794  0.792  0.789  0.786  0.784  0.784
  0.784  0.786  0.789  0.793  0.798  0.803  0.806  0.809  0.810  0.810  0.810  0.809  0.809  0.811  0.814  0.818  0.822  0.827
  0.832  0.836  0.842  0.847  0.852  0.856  0.859  0.860  0.858  0.855  0.850  0.845  0.839  0.835  0.829  0.825  0.826  0.831
  0.838  0.735  0.735  0.736  0.740  0.746  0.753  0.758  0.760  0.762  0.765  0.770  0.775  0.776  0.772  0.762  0.748  0.732
  0.694  0.155   60*0  0.312  0.600  0.613  0.609  0.611  0.629  0.667  0.713  0.729  0.741  0.753  0.764  0.774  0.781  0.787
  0.790  0.792  0.791  0.789  0.786  0.784  0.783  0.783  0.784  0.785  0.787  0.790  0.793  0.796  0.798  0.799  0.799  0.798
  0.796  0.795  0.795  0.797  0.801  0.805  0.811  0.816  0.822  0.827  0.833  0.838  0.843  0.847  0.850  0.850  0.849  0.845
  0.841  0.838  0.834  0.831  0.827  0.825  0.825  0.829  0.836  0.840  0.735  0.736  0.738  0.742  0.747  0.751  0.754  0.756
  0.758  0.763  0.767  0.769  0.765  0.755  0.742  0.726  0.662   61*0  0.634  0.683  0.693  0.689  0.689  0.698  0.715  0.725
  0.733  0.742  0.751  0.760  0.768  0.774  0.779  0.782  0.783  0.783  0.782  0.780  0.779  0.779  0.780  0.781  0.782  0.783
  0.784  0.786  0.788  0.788  0.788  0.786  0.784  0.781  0.779  0.778  0.780  0.785  0.790  0.797  0.804  0.810  0.817  0.823
  0.828  0.833  0.837  0.839  0.839  0.838  0.835  0.833  0.831  0.830  0.828  0.826  0.826  0.827  0.830  0.834  0.837  0.838
  0.735  0.737  0.739  0.741  0.744  0.746  0.748  0.750  0.754  0.756  0.756  0.751  0.743  0.731  0.706  0.586   61*0  0.642
  0.706  0.721  0.723  0.725  0.728  0.732  0.737  0.743  0.748  0.754  0.760  0.764  0.768  0.771  0.773  0.773  0.773  0.772
  0.771  0.771  0.772  0.773  0.775  0.776  0.776  0.776  0.777  0.777  0.777  0.775  0.773  0.769  0.766  0.764  0.763  0.765
  0.769  0.775  0.782  0.790  0.798  0.805  0.812  0.818  0.822  0.826  0.827  0.828  0.827  0.827  0.826  0.826  0.826  0.826
  0.826  0.827  0.829  0.831  0.833  0.835  0.836  0.735  0.735  0.735  0.735  0.735  0.736  0.737  0.739  0.740  0.740  0.737
  0.732  0.724  0.692  0.607   62*0  0.590  0.694  0.724  0.732  0.739  0.744  0.749  0.753  0.757  0.760  0.762  0.763  0.764
  0.765  0.764  0.764  0.763  0.762  0.761  0.761  0.762  0.762  0.764  0.765  0.766  0.767  0.767  0.767  0.766  0.765  0.762
  0.759  0.755  0.752  0.750  0.749  0.751  0.754  0.760  0.767  0.776  0.784  0.793  0.800  0.806  0.811  0.814  0.816  0.817
  0.818  0.819  0.820  0.822  0.823  0.825  0.827  0.829  0.830  0.832  0.833  0.834  0.835  0.835  0.733  0.731  0.728  0.726
  0.724  0.724  0.725  0.724  0.717  0.688  0.640  0.502 4010*0  0.107  0.160  0.161  0.157  0.101  128*0  0.157  0.283  0.472
  0.638  0.684  0.708  0.715  0.716  0.715  0.715  0.714  0.708  0.696  0.672  0.638  0.526  0.220  118*0  0.156  0.401  0.621
  0.658  0.677  0.690  0.707  0.723  0.729  0.734  0.736  0.737  0.738  0.739  0.740  0.740  0.738  0.735  0.731  0.725  0.714
  0.687  0.641  0.402   96*0  0.050  0.102  0.162  0.283  0.462  0.594  0.613  0.613  0.601  0.586  0.537  0.520  0.406  0.287
  0.272  0.329  0.461  0.595  0.631  0.658  0.687  0.708  0.718  0.721  0.724  0.727  0.732  0.737  0.740  0.742  0.744  0.747
  0.751  0.755  0.757  0.757  0.755  0.751  0.746  0.740  0.735  0.729  0.720  0.685  0.596   91*0  0.103  0.286  0.409  0.519
  0.596  0.630  0.659  0.685  0.701  0.707  0.708  0.706  0.703  0.700  0.693  0.681  0.668  0.665  0.674  0.690  0.702  0.711
  0.719  0.725  0.727  0.729  0.729  0.730  0.732  0.735  0.738  0.739  0.741  0.743  0.748  0.755  0.762  0.767  0.770  0.770
  0.767  0.763  0.758  0.752  0.747  0.741  0.733  0.724  0.683  0.408   88*0  0.275  0.539  0.630  0.647  0.661  0.680  0.702
  0.718  0.726  0.729  0.730  0.731  0.731  0.730  0.730  0.729  0.727  0.726  0.726  0.727  0.728  0.730  0.731  0.733  0.734
  0.735  0.735  0.734  0.734  0.735  0.736  0.737  0.736  0.737  0.739  0.745  0.752  0.761  0.770  0.777  0.780  0.780  0.777
  0.772  0.767  0.762  0.757  0.750  0.742  0.732  0.711  0.610   86*0  0.408  0.638  0.673  0.692  0.703  0.713  0.722  0.728
  0.733  0.737  0.741  0.743  0.744  0.744  0.744  0.744  0.743  0.743  0.743  0.743  0.743  0.743  0.743  0.743  0.743  0.742
  0.742  0.740  0.739  0.738  0.737  0.736  0.735  0.734  0.734  0.735  0.739  0.746  0.755  0.766  0.776  0.783  0.786  0.786
  0.783  0.779  0.775  0.770  0.765  0.757  0.748  0.735  0.718  0.619   83*0  0.280  0.630  0.683  0.712  0.723  0.726  0.728
  0.731  0.735  0.740  0.745  0.750  0.754  0.759  0.764  0.768  0.772  0.775  0.778  0.782  0.786  0.790  0.796  0.803  0.809
  0.816  0.822  0.828  0.833  0.838  0.841  0.843  0.845  0.845  0.845  0.733  0.732  0.732  0.734  0.739  0.747  0.757  0.768
  0.779  0.786  0.790  0.790  0.788  0.785  0.781  0.776  0.770  0.761  0.750  0.736  0.715  0.595   80*0  0.346  0.647  0.697
  0.721  0.728  0.733  0.736  0.739  0.742  0.744  0.748  0.753  0.758  0.763  0.767  0.772  0.775  0.778  0.781  0.782  0.783
  0.785  0.787  0.791  0.797  0.804  0.812  0.820  0.828  0.835  0.841  0.845  0.848  0.848  0.848  0.846  0.845  0.845  0.731
  0.731  0.731  0.733  0.738  0.746  0.757  0.769  0.779  0.788  0.792  0.793  0.791  0.789  0.785  0.780  0.772  0.761  0.748
  0.734  0.707  0.413   77*0  0.527  0.671  0.713  0.726  0.732  0.737  0.741  0.745  0.749  0.752  0.754  0.757  0.760  0.764
  0.769  0.774  0.779  0.783  0.786  0.789  0.790  0.790  0.791  0.791  0.793  0.797  0.802  0.809  0.817  0.825  0.833  0.840
  0.846  0.850  0.852  0.852  0.850  0.847  0.844  0.843  0.843  0.730  0.729  0.730  0.732  0.737  0.744  0.755  0.767  0.779
  0.788  0.793  0.794  0.793  0.791  0.787  0.780  0.771  0.759  0.745  0.730  0.685  0.162   73*0  0.213  0.627  0.691  0.722
  0.730  0.736  0.741  0.744  0.748  0.752  0.755  0.759  0.762  0.764  0.766  0.769  0.773  0.778  0.784  0.789  0.793  0.796
  0.798  0.799  0.799  0.800  0.801  0.803  0.806  0.811  0.817  0.824  0.831  0.838  0.844  0.850  0.854  0.855  0.855  0.852
  0.848  0.844  0.841  0.840  0.841  0.729  0.728  0.728  0.730  0.734  0.742  0.753  0.766  0.779  0.787  0.792  0.793  0.792
  0.790  0.785  0.778  0.768  0.755  0.740  0.724  0.634   71*0  0.471  0.669  0.714  0.727  0.734  0.740  0.746  0.750  0.752
  0.754  0.757  0.759  0.762  0.765  0.768  0.770  0.773  0.776  0.781  0.786  0.792  0.797  0.801  0.804  0.806  0.807  0.807
  0.808  0.809  0.811  0.815  0.819  0.824  0.830  0.836  0.843  0.848  0.853  0.856  0.858  0.857  0.854  0.849  0.843  0.839
  0.837  0.837  0.840  0.728  0.727  0.726  0.728  0.732  0.740  0.753  0.766  0.778  0.784  0.787  0.787  0.787  0.786  0.781
  0.773  0.762  0.748  0.733  0.695  0.218   68*0  0.048  0.648  0.717  0.730  0.738  0.745  0.751  0.756  0.760  0.763  0.763
  0.764  0.764  0.765  0.767  0.769  0.771  0.774  0.777  0.781  0.786  0.792  0.798  0.803  0.807  0.810  0.811  0.812  0.812
  0.813  0.814  0.817  0.820  0.824  0.829  0.834  0.840  0.845  0.851  0.855  0.858  0.859  0.858  0.855  0.850  0.844  0.838
  0.834  0.832  0.834  0.837  0.727  0.726  0.725  0.726  0.732  0.742  0.755  0.766  0.774  0.777  0.778  0.780  0.781  0.781
  0.776  0.766  0.753  0.738  0.718  0.540   68*0  0.594  0.710  0.731  0.742  0.751  0.759  0.765  0.770  0.773  0.775  0.774
  0.773  0.771  0.771  0.771  0.772  0.773  0.775  0.779  0.784  0.790  0.796  0.802  0.806  0.810  0.812  0.813  0.813  0.813
  0.814  0.816  0.818  0.822  0.826  0.830  0.835  0.841  0.846  0.851  0.855  0.859  0.860  0.858  0.855  0.850  0.843  0.837
  0.831  0.827  0.826  0.829  0.833  0.726  0.725  0.724  0.728  0.735  0.746  0.757  0.763  0.766  0.768  0.770  0.774  0.776
  0.775  0.767  0.755  0.741  0.724  0.633   68*0  0.632  0.718  0.735  0.747  0.758  0.767  0.774  0.779  0.783  0.784  0.783
  0.780  0.777  0.775  0.774  0.773  0.774  0.776  0.780  0.785  0.791  0.796  0.801  0.805  0.808  0.809  0.809  0.809  0.810
  0.811  0.813  0.816  0.820  0.824  0.828  0.833  0.838  0.843  0.848  0.853  0.856  0.857  0.856  0.852  0.846  0.840  0.834
  0.828  0.822  0.819  0.820  0.826  0.831  0.725  0.724  0.726  0.732  0.740  0.749  0.755  0.757  0.759  0.761  0.766  0.771
  0.771  0.765  0.755  0.740  0.724  0.637   67*0  0.213  0.642  0.716  0.734  0.747  0.759  0.769  0.776  0.782  0.785  0.786
  0.786  0.783  0.780  0.777  0.775  0.774  0.775  0.776  0.779  0.784  0.789  0.793  0.797  0.799  0.801  0.801  0.800  0.800
  0.800  0.801  0.804  0.808  0.812  0.817  0.822  0.827  0.832  0.837  0.842  0.847  0.850  0.850  0.849  0.845  0.840  0.835
  0.830  0.825  0.819  0.815  0.816  0.821  0.828  0.726  0.725  0.726  0.730  0.736  0.743  0.748  0.750  0.752  0.755  0.760
  0.765  0.766  0.762  0.752  0.738  0.720  0.616   62*0  0.098  0.158  0.148  0.152  0.271  0.533  0.662  0.717  0.732  0.744
  0.755  0.765  0.772  0.778  0.781  0.783  0.782  0.780  0.777  0.775  0.774  0.774  0.775  0.776  0.778  0.781  0.784  0.787
  0.789  0.790  0.790  0.788  0.787  0.785  0.785  0.787  0.791  0.796  0.801  0.807  0.812  0.818  0.823  0.829  0.834  0.838
  0.840  0.841  0.839  0.836  0.832  0.828  0.825  0.821  0.818  0.815  0.815  0.819  0.826  0.830  0.725  0.726  0.728  0.732
  0.737  0.741  0.744  0.746  0.748  0.753  0.757  0.759  0.755  0.745  0.732  0.701  0.403   61*0  0.284  0.620  0.634  0.628
  0.627  0.639  0.666  0.703  0.724  0.733  0.743  0.752  0.760  0.766  0.770  0.773  0.775  0.774  0.773  0.771  0.770  0.770
  0.771  0.772  0.773  0.774  0.775  0.777  0.778  0.779  0.779  0.777  0.774  0.771  0.769  0.769  0.771  0.775  0.781  0.787
  0.794  0.801  0.807  0.813  0.819  0.824  0.827  0.829  0.829  0.828  0.826  0.824  0.822  0.820  0.818  0.817  0.816  0.817
  0.820  0.824  0.827  0.828  0.726  0.727  0.729  0.731  0.734  0.736  0.738  0.740  0.744  0.746  0.746  0.741  0.733  0.717
  0.639   62*0  0.345  0.653  0.682  0.693  0.704  0.714  0.723  0.728  0.734  0.740  0.746  0.751  0.756  0.760  0.762  0.764
  0.764  0.764  0.763  0.762  0.762  0.763  0.764  0.766  0.767  0.767  0.767  0.768  0.768  0.768  0.766  0.763  0.760  0.757
  0.754  0.754  0.755  0.759  0.765  0.773  0.781  0.788  0.795  0.802  0.808  0.813  0.816  0.818  0.818  0.818  0.817  0.817
  0.816  0.816  0.816  0.816  0.817  0.819  0.821  0.823  0.825  0.827  0.725  0.725  0.725  0.725  0.725  0.726  0.727  0.729
  0.730  0.730  0.727  0.720  0.689  0.613  0.050   62*0  0.049  0.636  0.701  0.724  0.730  0.736  0.741  0.745  0.749  0.751
  0.753  0.755  0.756  0.756  0.756  0.755  0.754  0.753  0.753  0.752  0.753  0.754  0.755  0.756  0.757  0.758  0.758  0.758
  0.757  0.755  0.753  0.750  0.746  0.743  0.741  0.740  0.741  0.745  0.750  0.758  0.766  0.775  0.783  0.790  0.796  0.801
  0.804  0.806  0.807  0.808  0.809  0.810  0.812  0.814  0.815  0.817  0.819  0.821  0.822  0.823  0.824  0.825  0.825  0.723
  0.718  0.710  0.699  0.692  0.692  0.694  0.688  0.662  0.605  0.271 4147*0  0.158  0.471  0.631  0.648  0.649  0.648  0.648
  0.644  0.631  0.593  0.352  0.157  122*0  0.050  0.282  0.411  0.535  0.630  0.671  0.707  0.720  0.724  0.725  0.726  0.727
  0.729  0.728  0.726  0.722  0.710  0.685  0.646  0.479  0.162  103*0  0.047  0.046   10*0  0.104  0.282  0.526  0.633  0.657
  0.667  0.677  0.695  0.714  0.725  0.728  0.730  0.732  0.735  0.739  0.743  0.745  0.745  0.743  0.739  0.734  0.728  0.722
  0.703  0.661  0.473   97*0  0.105  0.329  0.528  0.620  0.633  0.635  0.630  0.624  0.614  0.593  0.470  0.349  0.342  0.407
  0.537  0.619  0.640  0.661  0.682  0.698  0.705  0.706  0.708  0.715  0.722  0.726  0.728  0.729  0.732  0.736  0.743  0.750
  0.755  0.758  0.758  0.755  0.751  0.746  0.740  0.735  0.729  0.719  0.677  0.467   91*0  0.107  0.223  0.341  0.473  0.624
  0.661  0.690  0.706  0.712  0.713  0.713  0.711  0.709  0.704  0.698  0.691  0.690  0.695  0.703  0.708  0.713  0.718  0.721
  0.723  0.722  0.721  0.721  0.722  0.724  0.725  0.725  0.725  0.728  0.733  0.740  0.749  0.758  0.765  0.768  0.768  0.765
  0.760  0.755  0.750  0.745  0.738  0.730  0.713  0.638   88*0  0.165  0.460  0.602  0.628  0.648  0.673  0.701  0.719  0.726
  0.730  0.732  0.732  0.732  0.732  0.732  0.732  0.731  0.731  0.731  0.731  0.731  0.731  0.731  0.731  0.731  0.730  0.729
  0.727  0.726  0.725  0.724  0.723  0.720  0.720  0.723  0.727  0.734  0.743  0.754  0.764  0.771  0.774  0.774  0.771  0.767
  0.763  0.758  0.753  0.745  0.736  0.723  0.654  0.048   84*0  0.154  0.533  0.647  0.676  0.694  0.705  0.715  0.723  0.729
  0.734  0.739  0.743  0.748  0.752  0.756  0.760  0.764  0.767  0.770  0.774  0.779  0.784  0.791  0.798  0.804  0.811  0.817
  0.822  0.826  0.829  0.831  0.833  0.833  0.834  0.718  0.716  0.716  0.721  0.727  0.735  0.745  0.756  0.767  0.774  0.778
  0.778  0.776  0.773  0.769  0.764  0.758  0.749  0.738  0.723  0.648   82*0  0.271  0.619  0.670  0.704  0.720  0.725  0.728
  0.731  0.733  0.737  0.741  0.746  0.751  0.756  0.760  0.764  0.767  0.769  0.770  0.772  0.773  0.775  0.779  0.785  0.793
  0.801  0.809  0.816  0.823  0.829  0.833  0.836  0.837  0.836  0.834  0.833  0.833  0.714  0.712  0.712  0.719  0.726  0.734
  0.745  0.757  0.767  0.776  0.780  0.781  0.779  0.777  0.773  0.768  0.760  0.749  0.736  0.719  0.628   79*0  0.461  0.653
  0.697  0.718  0.726  0.730  0.734  0.738  0.741  0.743  0.745  0.748  0.753  0.757  0.763  0.767  0.772  0.775  0.777  0.778
  0.779  0.779  0.780  0.782  0.785  0.791  0.798  0.806  0.814  0.821  0.828  0.834  0.838  0.840  0.840  0.838  0.835  0.833
  0.831  0.831  0.709  0.707  0.707  0.715  0.725  0.733  0.743  0.755  0.767  0.776  0.781  0.782  0.781  0.779  0.775  0.768
  0.759  0.747  0.733  0.708  0.472   75*0  0.106  0.606  0.675  0.713  0.725  0.730  0.734  0.737  0.741  0.744  0.748  0.750
  0.753  0.755  0.758  0.762  0.767  0.772  0.777  0.782  0.785  0.786  0.787  0.788  0.788  0.789  0.791  0.795  0.799  0.806
  0.812  0.820  0.826  0.833  0.838  0.842  0.843  0.843  0.840  0.836  0.832  0.829  0.829  0.830  0.705  0.701  0.701  0.708
  0.721  0.730  0.741  0.754  0.767  0.775  0.780  0.781  0.780  0.778  0.773  0.766  0.756  0.743  0.728  0.676  0.105   72*0
  0.457  0.654  0.703  0.723  0.729  0.735  0.739  0.742  0.744  0.746  0.748  0.751  0.754  0.757  0.759  0.761  0.765  0.769
  0.775  0.781  0.786  0.790  0.793  0.794  0.795  0.796  0.796  0.798  0.800  0.803  0.807  0.813  0.819  0.825  0.831  0.836
  0.841  0.844  0.846  0.845  0.842  0.837  0.832  0.827  0.825  0.826  0.828  0.701  0.695  0.692  0.698  0.715  0.728  0.741
  0.754  0.766  0.772  0.775  0.775  0.775  0.774  0.769  0.761  0.750  0.736  0.716  0.543   70*0  0.279  0.661  0.715  0.728
  0.735  0.741  0.745  0.749  0.752  0.752  0.753  0.753  0.754  0.756  0.758  0.760  0.763  0.766  0.770  0.775  0.781  0.787
  0.792  0.796  0.799  0.800  0.800  0.801  0.801  0.803  0.805  0.808  0.812  0.817  0.822  0.828  0.834  0.839  0.843  0.846
  0.848  0.846  0.843  0.838  0.832  0.826  0.822  0.820  0.822  0.825  0.697  0.688  0.681  0.690  0.715  0.730  0.743  0.755
  0.762  0.765  0.766  0.768  0.769  0.769  0.764  0.754  0.741  0.726  0.656   70*0  0.645  0.718  0.732  0.741  0.748  0.754
  0.759  0.762  0.764  0.763  0.762  0.760  0.760  0.760  0.761  0.762  0.764  0.768  0.773  0.778  0.784  0.790  0.795  0.798
  0.800  0.801  0.802  0.802  0.803  0.804  0.807  0.810  0.814  0.819  0.824  0.829  0.834  0.839  0.844  0.847  0.848  0.847
  0.843  0.838  0.832  0.825  0.819  0.815  0.814  0.817  0.821  0.692  0.681  0.678  0.698  0.723  0.734  0.745  0.751  0.754
  0.756  0.758  0.762  0.764  0.763  0.755  0.743  0.729  0.677  0.104   68*0  0.161  0.665  0.724  0.736  0.747  0.756  0.763
  0.769  0.772  0.773  0.772  0.769  0.766  0.764  0.763  0.762  0.763  0.765  0.768  0.774  0.779  0.785  0.790  0.794  0.796
  0.798  0.798  0.798  0.798  0.799  0.801  0.804  0.808  0.812  0.817  0.821  0.826  0.831  0.836  0.841  0.844  0.845  0.844
  0.840  0.835  0.829  0.822  0.816  0.810  0.807  0.809  0.814  0.819  0.685  0.679  0.690  0.714  0.728  0.737  0.743  0.746
  0.747  0.749  0.754  0.759  0.759  0.753  0.743  0.728  0.677  0.152   68*0  0.222  0.660  0.723  0.736  0.748  0.758  0.765
  0.771  0.774  0.776  0.775  0.772  0.769  0.766  0.764  0.763  0.764  0.765  0.768  0.772  0.777  0.782  0.786  0.788  0.789
  0.789  0.789  0.788  0.788  0.790  0.793  0.796  0.801  0.805  0.810  0.815  0.820  0.825  0.830  0.835  0.838  0.839  0.837
  0.833  0.828  0.823  0.818  0.813  0.807  0.803  0.804  0.809  0.816  0.687  0.684  0.690  0.707  0.724  0.731  0.736  0.739
  0.740  0.743  0.748  0.753  0.754  0.750  0.740  0.726  0.661  0.047   68*0  0.396  0.661  0.720  0.733  0.745  0.754  0.762
  0.767  0.770  0.772  0.771  0.769  0.766  0.764  0.763  0.763  0.764  0.765  0.767  0.769  0.773  0.776  0.778  0.779  0.778
  0.777  0.775  0.774  0.774  0.776  0.780  0.784  0.790  0.795  0.801  0.806  0.812  0.817  0.822  0.826  0.829  0.829  0.827
  0.824  0.820  0.816  0.813  0.809  0.806  0.803  0.803  0.807  0.814  0.818  0.686  0.689  0.701  0.717  0.725  0.729  0.732
  0.734  0.737  0.741  0.745  0.747  0.743  0.733  0.714  0.613   63*0  0.100  0.164  0.156  0.152  0.218  0.406  0.632  0.689
  0.722  0.732  0.741  0.749  0.755  0.759  0.762  0.764  0.763  0.762  0.760  0.759  0.759  0.760  0.761  0.762  0.763  0.764
  0.766  0.767  0.768  0.767  0.766  0.763  0.760  0.758  0.757  0.760  0.764  0.769  0.776  0.782  0.789  0.795  0.802  0.807
  0.812  0.816  0.818  0.818  0.816  0.814  0.812  0.810  0.808  0.806  0.805  0.804  0.805  0.808  0.812  0.815  0.816  0.687
  0.694  0.704  0.714  0.720  0.723  0.726  0.728  0.732  0.734  0.734  0.730  0.717  0.654  0.159   63*0  0.334  0.588  0.615
  0.635  0.656  0.681  0.709  0.723  0.729  0.735  0.740  0.745  0.749  0.751  0.753  0.754  0.753  0.752  0.751  0.751  0.752
  0.753  0.754  0.756  0.756  0.756  0.756  0.757  0.756  0.755  0.752  0.749  0.745  0.743  0.742  0.744  0.748  0.754  0.761
  0.769  0.777  0.784  0.790  0.796  0.801  0.804  0.806  0.807  0.806  0.805  0.805  0.805  0.805  0.804  0.805  0.805  0.807
  0.809  0.811  0.813  0.815  0.684  0.684  0.684  0.684  0.684  0.687  0.695  0.705  0.710  0.709  0.696  0.661  0.530  0.045
   64*0  0.212  0.630  0.685  0.715  0.725  0.730  0.734  0.738  0.741  0.743  0.744  0.745  0.745  0.745  0.744  0.743  0.742
  0.742  0.741  0.742  0.742  0.744  0.745  0.746  0.747  0.747  0.746  0.746  0.744  0.741  0.738  0.735  0.731  0.729  0.728
  0.730  0.733  0.739  0.746  0.754  0.763  0.771  0.779  0.785  0.789  0.792  0.794  0.796  0.796  0.797  0.799  0.800  0.802
  0.803  0.805  0.807  0.809  0.810  0.812  0.812  0.813  0.813  0.671  0.656  0.636  0.608  0.539  0.539  0.590  0.528  0.287
 4151*0  0.103  0.217  0.220  0.217  0.217  0.165  0.102  129*0  0.102  0.397  0.629  0.664  0.678  0.683  0.689  0.697  0.702
  0.701  0.691  0.669  0.635  0.474  0.210  120*0  0.106  0.280  0.345  0.411  0.596  0.647  0.682  0.701  0.709  0.715  0.723
  0.727  0.731  0.733  0.733  0.731  0.727  0.719  0.701  0.667  0.617  0.284  101*0  0.050  0.151  0.155  0.105  0.095  0.047
    6*0  0.049  0.162  0.288  0.471  0.606  0.625  0.628  0.633  0.649  0.670  0.688  0.698  0.704  0.714  0.725  0.731  0.738
  0.743  0.746  0.746  0.743  0.739  0.734  0.728  0.722  0.703  0.657  0.408   96*0  0.098  0.338  0.586  0.631  0.644  0.647
  0.646  0.642  0.636  0.627  0.609  0.542  0.539  0.600  0.621  0.634  0.645  0.656  0.667  0.672  0.671  0.667  0.665  0.670
  0.678  0.682  0.681  0.684  0.698  0.718  0.728  0.737  0.746  0.753  0.756  0.756  0.753  0.748  0.743  0.738  0.733  0.726
  0.708  0.643  0.156   91*0  0.104  0.224  0.412  0.622  0.663  0.693  0.710  0.717  0.717  0.717  0.717  0.717  0.715  0.714
  0.713  0.713  0.713  0.713  0.713  0.713  0.713  0.711  0.708  0.703  0.697  0.690  0.684  0.678  0.672  0.664  0.662  0.673
  0.697  0.721  0.732  0.742  0.752  0.759  0.762  0.762  0.759  0.755  0.751  0.746  0.741  0.733  0.723  0.671  0.227   87*0
  0.224  0.469  0.607  0.631  0.652  0.679  0.706  0.721  0.727  0.732  0.736  0.741  0.745  0.749  0.752  0.755  0.758  0.762
  0.767  0.773  0.779  0.786  0.793  0.799  0.805  0.810  0.814  0.817  0.820  0.821  0.821  0.822  0.656  0.651  0.652  0.667
  0.696  0.722  0.733  0.745  0.755  0.762  0.766  0.766  0.764  0.761  0.757  0.752  0.746  0.737  0.725  0.673  0.216   83*0
  0.094  0.449  0.631  0.667  0.691  0.705  0.713  0.720  0.725  0.730  0.735  0.740  0.745  0.749  0.753  0.755  0.758  0.759
  0.760  0.761  0.764  0.768  0.774  0.781  0.789  0.797  0.804  0.811  0.817  0.821  0.824  0.825  0.824  0.823  0.821  0.821
  0.646  0.641  0.642  0.658  0.692  0.721  0.733  0.745  0.755  0.764  0.768  0.769  0.767  0.765  0.761  0.756  0.748  0.737
  0.724  0.659  0.096   80*0  0.284  0.619  0.663  0.694  0.713  0.723  0.727  0.730  0.732  0.734  0.737  0.741  0.746  0.751
  0.756  0.760  0.763  0.766  0.767  0.767  0.768  0.768  0.770  0.773  0.779  0.786  0.794  0.802  0.810  0.817  0.822  0.826
  0.829  0.828  0.826  0.823  0.821  0.819  0.819  0.635  0.629  0.630  0.648  0.682  0.717  0.731  0.744  0.755  0.764  0.769
  0.770  0.769  0.767  0.763  0.756  0.747  0.735  0.718  0.631   77*0  0.045  0.472  0.651  0.692  0.712  0.722  0.726  0.730
  0.733  0.737  0.739  0.741  0.744  0.746  0.751  0.756  0.761  0.766  0.770  0.773  0.775  0.776  0.776  0.777  0.778  0.780
  0.783  0.788  0.794  0.801  0.808  0.815  0.821  0.826  0.830  0.832  0.831  0.828  0.824  0.820  0.817  0.817  0.818  0.625
  0.615  0.615  0.633  0.665  0.709  0.729  0.742  0.755  0.763  0.768  0.769  0.768  0.766  0.761  0.754  0.744  0.731  0.701
  0.407   74*0  0.333  0.630  0.681  0.712  0.724  0.728  0.731  0.733  0.735  0.737  0.740  0.743  0.746  0.748  0.750  0.754
  0.758  0.764  0.769  0.774  0.779  0.781  0.783  0.784  0.784  0.785  0.786  0.788  0.791  0.796  0.801  0.807  0.813  0.819
  0.825  0.829  0.833  0.834  0.833  0.830  0.825  0.820  0.815  0.813  0.814  0.816  0.614  0.597  0.541  0.605  0.647  0.702
  0.729  0.743  0.754  0.760  0.763  0.763  0.763  0.762  0.757  0.749  0.738  0.724  0.650   72*0  0.392  0.656  0.705  0.724
  0.730  0.735  0.738  0.741  0.742  0.742  0.742  0.743  0.745  0.747  0.749  0.751  0.754  0.758  0.764  0.769  0.775  0.781
  0.784  0.787  0.788  0.789  0.789  0.790  0.791  0.793  0.796  0.801  0.805  0.811  0.816  0.822  0.827  0.832  0.835  0.836
  0.835  0.831  0.826  0.820  0.814  0.810  0.808  0.810  0.813  0.601  0.530  0.467  0.535  0.648  0.710  0.731  0.743  0.750
  0.753  0.754  0.756  0.757  0.757  0.752  0.742  0.729  0.689  0.272   70*0  0.269  0.664  0.718  0.730  0.738  0.744  0.748
  0.752  0.753  0.752  0.751  0.749  0.748  0.749  0.750  0.751  0.753  0.757  0.761  0.767  0.773  0.779  0.783  0.787  0.789
  0.790  0.790  0.790  0.791  0.792  0.795  0.799  0.803  0.807  0.812  0.817  0.822  0.827  0.832  0.835  0.836  0.835  0.831
  0.826  0.820  0.813  0.807  0.803  0.802  0.805  0.809  0.541  0.467  0.413  0.604  0.673  0.721  0.733  0.740  0.742  0.744
  0.746  0.750  0.753  0.751  0.743  0.731  0.702  0.408   70*0  0.404  0.686  0.726  0.737  0.746  0.753  0.758  0.761  0.762
  0.761  0.758  0.755  0.753  0.752  0.751  0.752  0.754  0.757  0.762  0.768  0.774  0.778  0.782  0.785  0.786  0.786  0.786
  0.787  0.787  0.789  0.792  0.796  0.800  0.805  0.809  0.814  0.820  0.825  0.829  0.832  0.833  0.832  0.828  0.823  0.817
  0.811  0.805  0.799  0.796  0.797  0.802  0.807  0.477  0.457  0.535  0.646  0.701  0.725  0.731  0.734  0.735  0.737  0.742
  0.747  0.747  0.741  0.731  0.701  0.409   70*0  0.346  0.679  0.725  0.737  0.747  0.755  0.760  0.764  0.765  0.764  0.761
  0.758  0.755  0.753  0.752  0.753  0.754  0.757  0.761  0.766  0.771  0.774  0.777  0.778  0.778  0.777  0.777  0.777  0.778
  0.781  0.785  0.789  0.794  0.799  0.803  0.808  0.814  0.819  0.823  0.826  0.827  0.825  0.822  0.817  0.811  0.806  0.801
  0.796  0.792  0.792  0.797  0.804  0.525  0.473  0.533  0.630  0.677  0.712  0.724  0.727  0.728  0.731  0.736  0.741  0.742
  0.738  0.728  0.687  0.285   70*0  0.392  0.669  0.722  0.734  0.744  0.751  0.756  0.760  0.761  0.761  0.758  0.755  0.753
  0.752  0.752  0.753  0.754  0.755  0.758  0.761  0.764  0.767  0.767  0.767  0.766  0.764  0.762  0.762  0.764  0.768  0.773
  0.778  0.783  0.789  0.794  0.800  0.805  0.810  0.814  0.817  0.817  0.815  0.812  0.808  0.805  0.801  0.798  0.794  0.791
  0.791  0.796  0.802  0.806  0.478  0.532  0.614  0.652  0.686  0.706  0.715  0.720  0.725  0.729  0.733  0.735  0.731  0.718
  0.646  0.045   69*0  0.160  0.603  0.678  0.719  0.730  0.738  0.744  0.749  0.752  0.753  0.753  0.751  0.749  0.748  0.748
  0.749  0.750  0.751  0.752  0.753  0.754  0.756  0.756  0.756  0.754  0.752  0.749  0.746  0.746  0.748  0.752  0.758  0.764
  0.771  0.777  0.784  0.790  0.795  0.800  0.804  0.806  0.806  0.805  0.802  0.800  0.798  0.796  0.795  0.793  0.792  0.793
  0.796  0.800  0.803  0.805  0.525  0.590  0.623  0.645  0.662  0.675  0.688  0.702  0.714  0.721  0.720  0.707  0.654  0.227
   66*0  0.050  0.208  0.340  0.578  0.643  0.683  0.711  0.724  0.730  0.734  0.738  0.741  0.742  0.743  0.742  0.741  0.740
  0.740  0.740  0.742  0.743  0.744  0.745  0.745  0.745  0.746  0.745  0.743  0.741  0.737  0.734  0.731  0.731  0.732  0.736
  0.742  0.749  0.757  0.765  0.772  0.779  0.785  0.789  0.793  0.794  0.795  0.794  0.793  0.793  0.793  0.793  0.793  0.793
  0.793  0.795  0.797  0.799  0.801  0.803  0.473  0.473  0.473  0.473  0.474  0.526  0.595  0.624  0.636  0.633  0.598  0.286
   67*0  0.159  0.595  0.658  0.694  0.714  0.724  0.727  0.730  0.732  0.733  0.734  0.734  0.734  0.733  0.732  0.731  0.731
  0.730  0.731  0.731  0.733  0.734  0.735  0.736  0.736  0.735  0.734  0.733  0.730  0.727  0.723  0.715  0.707  0.704  0.709
  0.719  0.727  0.734  0.743  0.752  0.760  0.767  0.773  0.778  0.781  0.783  0.784  0.785  0.785  0.787  0.788  0.790  0.792
  0.793  0.795  0.797  0.798  0.800  0.801  0.801  0.801  0.396  0.276  0.152 4295*0  0.153  0.562  0.604  0.613  0.621  0.633
  0.642  0.640  0.624  0.583  0.213  127*0  0.332  0.610  0.640  0.655  0.669  0.689  0.710  0.721  0.724  0.724  0.721  0.708
  0.680  0.640  0.581  0.094  118*0  0.041  0.143  0.151  0.208  0.382  0.586  0.620  0.635  0.646  0.666  0.697  0.721  0.728
  0.734  0.737  0.737  0.734  0.730  0.724  0.715  0.688  0.644  0.503  100*0  0.204  0.326  0.334  0.330  0.314  0.216  0.151
  0.046    3*0  0.098  0.210  0.325  0.448  0.572  0.590  0.588  0.575  0.568      0  0.604  0.610  0.609  0.614  0.635  0.674
  0.715  0.728  0.737  0.743  0.747  0.746  0.743  0.739  0.734  0.729  0.724  0.707  0.654  0.326   95*0  0.141  0.564  0.628
  0.657  0.672  0.673  0.673  0.673  0.671  0.668  0.665  0.663  0.662  0.662  0.663  0.663  0.663  0.662  0.659  0.652  0.643
  0.632  0.622  0.614  0.605  0.589  0.565  0.516  0.594  0.634  0.684  0.722  0.733  0.743  0.750  0.753  0.753  0.750  0.746
  0.742  0.737  0.731  0.724  0.692  0.595   90*0  0.046  0.209  0.443  0.609  0.649  0.685  0.711  0.722  0.727  0.731  0.736
  0.739  0.743  0.746  0.749  0.753  0.758  0.763  0.770  0.776  0.783  0.789  0.795  0.800  0.805  0.808  0.810  0.811  0.812
  0.812  0.448  0.390  0.394  0.577  0.632  0.688  0.724  0.735  0.746  0.753  0.757  0.757  0.755  0.751  0.748  0.743  0.737
  0.728  0.703  0.599   86*0  0.211  0.586  0.627  0.648  0.665  0.682  0.703  0.719  0.726  0.731  0.735  0.740  0.743  0.746
  0.748  0.749  0.751  0.752  0.754  0.758  0.764  0.771  0.779  0.787  0.795  0.802  0.808  0.812  0.814  0.815  0.815  0.813
  0.812  0.812  0.329  0.272  0.317  0.502  0.626  0.685  0.724  0.735  0.746  0.754  0.759  0.760  0.758  0.756  0.752  0.747
  0.739  0.728  0.696  0.512   82*0  0.101  0.577  0.633  0.666  0.692  0.710  0.719  0.723  0.725  0.728  0.732  0.737  0.742
  0.747  0.751  0.754  0.756  0.757  0.758  0.758  0.759  0.760  0.764  0.769  0.777  0.784  0.792  0.800  0.807  0.813  0.817
  0.819  0.819  0.817  0.814  0.811  0.810  0.810  0.213  0.155  0.157  0.383  0.612  0.673  0.722  0.734  0.746  0.755  0.760
  0.761  0.760  0.758  0.754  0.747  0.738  0.726  0.678  0.203   79*0  0.450  0.629  0.665  0.689  0.708  0.720  0.724  0.727
  0.730  0.732  0.734  0.737  0.741  0.746  0.752  0.757  0.761  0.764  0.765  0.766  0.767  0.767  0.768  0.770  0.773  0.778
  0.784  0.791  0.798  0.805  0.811  0.817  0.820  0.822  0.822  0.819  0.815  0.810  0.808  0.807  0.808  0.145  0.048  0.048
  0.208  0.574  0.654  0.718  0.733  0.745  0.754  0.758  0.759  0.759  0.757  0.752  0.745  0.734  0.722  0.642   76*0  0.214
  0.616  0.663  0.697  0.716  0.722  0.724  0.726  0.728  0.731  0.734  0.737  0.739  0.741  0.744  0.749  0.754  0.760  0.765
  0.769  0.772  0.774  0.774  0.775  0.775  0.776  0.779  0.782  0.786  0.791  0.797  0.803  0.809  0.815  0.820  0.823  0.825
  0.824  0.821  0.816  0.810  0.806  0.804  0.804  0.806  0.048    2*0  0.039  0.379  0.643  0.717  0.733  0.744  0.751  0.753
  0.754  0.754  0.752  0.748  0.740  0.729  0.696  0.436   73*0  0.510  0.651  0.697  0.720  0.726  0.730  0.732  0.733  0.733
  0.733  0.734  0.736  0.738  0.740  0.742  0.745  0.749  0.754  0.760  0.766  0.771  0.775  0.778  0.779  0.779  0.780  0.780
  0.781  0.784  0.787  0.791  0.796  0.801  0.807  0.812  0.817  0.822  0.825  0.826  0.825  0.822  0.817  0.811  0.805  0.800
  0.799  0.801  0.803    4*0  0.380  0.657  0.722  0.733  0.741  0.744  0.745  0.747  0.748  0.748  0.743  0.733  0.719  0.623
   72*0  0.582  0.679  0.721  0.729  0.735  0.740  0.743  0.744  0.743  0.742  0.740  0.739  0.740  0.740  0.742  0.744  0.747
  0.752  0.758  0.764  0.769  0.774  0.777  0.780  0.781  0.781  0.781  0.781  0.783  0.786  0.789  0.793  0.798  0.802  0.807
  0.813  0.818  0.822  0.825  0.826  0.825  0.822  0.817  0.810  0.804  0.798  0.794  0.793  0.796  0.800    4*0  0.596  0.684
  0.723  0.730  0.733  0.734  0.737  0.741  0.743  0.741  0.734  0.722  0.644   72*0  0.622  0.707  0.728  0.737  0.744  0.749
  0.752  0.753  0.752  0.749  0.746  0.744  0.743  0.742  0.743  0.744  0.748  0.753  0.759  0.764  0.769  0.773  0.775  0.777
  0.777  0.777  0.777  0.778  0.780  0.783  0.787  0.791  0.795  0.800  0.805  0.810  0.815  0.820  0.823  0.824  0.823  0.819
  0.814  0.807  0.801  0.795  0.789  0.786  0.787  0.792  0.798    3*0  0.332  0.641  0.701  0.722  0.724  0.726  0.728  0.733
  0.738  0.738  0.732  0.721  0.642   72*0  0.613  0.705  0.728  0.738  0.746  0.751  0.755  0.756  0.755  0.752  0.749  0.746
  0.744  0.743  0.743  0.745  0.748  0.752  0.757  0.761  0.765  0.767  0.768  0.768  0.768  0.767  0.767  0.769  0.772  0.775
  0.780  0.784  0.789  0.794  0.799  0.804  0.809  0.814  0.817  0.817  0.816  0.812  0.807  0.802  0.797  0.792  0.786  0.782
  0.783  0.787  0.795    3*0  0.198  0.605  0.663  0.696  0.709  0.715  0.722  0.727  0.732  0.733  0.729  0.714  0.622   72*0
  0.593  0.689  0.725  0.735  0.742  0.747  0.751  0.752  0.752  0.749  0.746  0.744  0.743  0.743  0.743  0.744  0.746  0.749
  0.752  0.755  0.757  0.758  0.758  0.756  0.754  0.753  0.753  0.755  0.759  0.763  0.768  0.774  0.779  0.785  0.790  0.796
  0.801  0.805  0.807  0.808  0.806  0.803  0.799  0.795  0.792  0.788  0.785  0.782  0.782  0.786  0.792  0.797    2*0  0.048
  0.440  0.618  0.650  0.669  0.681  0.699  0.718  0.724  0.726  0.721  0.678  0.382   71*0  0.045  0.610  0.681  0.721  0.729
  0.735  0.740  0.743  0.744  0.744  0.742  0.740  0.739  0.738  0.739      0  0.742  0.742  0.743  0.745  0.747  0.747  0.746
  0.745  0.742  0.739  0.737  0.737  0.739  0.743  0.748  0.755  0.761  0.768  0.774  0.780  0.786  0.791  0.794  0.796  0.797
  0.795  0.793  0.791  0.789  0.787  0.785  0.783  0.783  0.784  0.787  0.791  0.794  0.795    2*0  0.100  0.330  0.565  0.603
  0.621  0.644  0.668  0.685  0.684  0.653  0.498   71*0  0.377  0.617  0.662  0.698  0.720  0.725  0.729  0.732  0.733  0.734
  0.733  0.732  0.731  0.731  0.731  0.733      0  0.735  0.736  0.735  0.736  0.736  0.736  0.734  0.731  0.728  0.725  0.722
  0.720  0.723  0.727  0.733  0.740  0.748  0.756  0.763  0.769  0.775  0.780  0.783  0.785  0.785  0.785  0.784  0.783  0.783
  0.783  0.783  0.783  0.784  0.786  0.788  0.790  0.792  0.793    7*0  0.145  0.263  0.211   71*0  0.559  0.633  0.669  0.697
  0.713  0.720  0.723  0.724  0.725  0.725  0.725  0.724  0.723  0.722  0.721  0.720  0.721  0.722  0.723      0  0.726  0.726
  0.726  0.726  0.725  0.723  0.719  0.708  0.688  0.667  0.650  0.644  0.654  0.678  0.709  0.725  0.733  0.742  0.750  0.758
  0.763  0.768  0.771  0.773  0.774  0.775  0.776  0.777  0.779  0.780  0.782  0.784  0.786  0.787  0.789  0.790  0.791  0.792
  0.792   44*0

/
